
(0,0): 0.6
(0,1): 0.2
(0,2): 0.12
(0,3): 0.12
(0,4): 0.24
(0,5): 0.08
(0,6): 0.04
(0,7): 0.04
(0,8): 0.04
(0,9): 0.04
(0,10): 0.04
(0,11): 0.04
(0,12): 0
(0,13): 0
(0,14): 0
(0,15): 0
(1,0): 0.08
(1,1): 0
(1,2): 0.08
(1,3): 0.08
(1,4): 0.12
(1,5): 0.4
(1,6): 0
(1,7): 0
(1,8): 0
(1,9): 0
(1,10): 0
(1,11): 0.12
(1,12): 0.16
(1,13): 0.04
(1,14): 0
(1,15): 0
(2,0): 0
(2,1): 0.08
(2,2): 0
(2,3): 0
(2,4): 0.24
(2,5): 0.16
(2,6): 0.08
(2,7): 0
(2,8): 0
(2,9): 0
(2,10): 0.12
(2,11): 0.12
(2,12): 0.04
(2,13): 0.12
(2,14): 0.04
(2,15): 0.04
(3,0): 0
(3,1): 0.12
(3,2): 0.08
(3,3): 0.24
(3,4): 0.08
(3,5): 0.64
(3,6): 0.32
(3,7): 0.16
(3,8): 0.4
(3,9): 0.8
(3,10): 0.68
(3,11): 1
(3,12): 0.28
(3,13): 0.16
(3,14): 0.24
(3,15): 0.36
(4,0): 0
(4,1): 0
(4,2): 0.08
(4,3): 0.12
(4,4): 0.16
(4,5): 0.76
(4,6): 0.56
(4,7): 0.6
(4,8): 0.4
(4,9): 0.52
(4,10): 0.48
(4,11): 0.4
(4,12): 0.32
(4,13): 0.24
(4,14): 0.16
(4,15): 0.08
(5,0): 0
(5,1): 0.04
(5,2): 0.16
(5,3): 0.16
(5,4): 0.36
(5,5): 0.16
(5,6): 0.08
(5,7): 0.4
(5,8): 0.2
(5,9): 0.36
(5,10): 0.16
(5,11): 0.08
(5,12): 0.08
(5,13): 0.2
(5,14): 0.28
(5,15): 0.12
(6,0): 0.16
(6,1): 0.16
(6,2): 0
(6,3): 0
(6,4): 0.12
(6,5): 0.08
(6,6): 0
(6,7): 0.12
(6,8): 0.08
(6,9): 0.04
(6,10): 0.04
(6,11): 0.16
(6,12): 0
(6,13): 0.08
(6,14): 0.12
(6,15): 0.28
(7,0): 0.36
(7,1): 0.12
(7,2): 0.04
(7,3): 0.04
(7,4): 0
(7,5): 0
(7,6): 0.08
(7,7): 0.16
(7,8): 0.12
(7,9): 0
(7,10): 0
(7,11): 0
(7,12): 0
(7,13): 0
(7,14): 0.08
(7,15): 0.2
.
(0,0): 0
(0,1): 0
(0,2): 0
(0,3): 0
(0,4): 0
(0,5): 0
(0,6): 0.1428571
(0,7): 0
(0,8): 0.07142857
(0,9): 0
(0,10): 0
(0,11): 0
(0,12): 0
(0,13): 0
(0,14): 0
(0,15): 0
(1,0): 0
(1,1): 0
(1,2): 0
(1,3): 0
(1,4): 0
(1,5): 0.2142857
(1,6): 0.2678571
(1,7): 0.1607143
(1,8): 0.1785714
(1,9): 0.03571429
(1,10): 0.03571429
(1,11): 0.01785714
(1,12): 0
(1,13): 0
(1,14): 0
(1,15): 0
(2,0): 0.01785714
(2,1): 0.01785714
(2,2): 0.03571429
(2,3): 0.05357143
(2,4): 0.1428571
(2,5): 0.125
(2,6): 0.2142857
(2,7): 0.2142857
(2,8): 0.5178571
(2,9): 0.1071429
(2,10): 0.07142857
(2,11): 0.07142857
(2,12): 0.08928572
(2,13): 0.01785714
(2,14): 0
(2,15): 0
(3,0): 0
(3,1): 0.01785714
(3,2): 0
(3,3): 0.03571429
(3,4): 0.07142857
(3,5): 0.4642857
(3,6): 0.5178571
(3,7): 0.6607143
(3,8): 0.7142857
(3,9): 0.1964286
(3,10): 0.1607143
(3,11): 0.25
(3,12): 0.125
(3,13): 0.1071429
(3,14): 0
(3,15): 0
(4,0): 0.1071429
(4,1): 0.05357143
(4,2): 0.03571429
(4,3): 0.01785714
(4,4): 0
(4,5): 0.1785714
(4,6): 0.3214286
(4,7): 1
(4,8): 0.5357143
(4,9): 0.3392857
(4,10): 0.08928572
(4,11): 0.03571429
(4,12): 0.05357143
(4,13): 0.1071429
(4,14): 0
(4,15): 0
(5,0): 0
(5,1): 0
(5,2): 0
(5,3): 0
(5,4): 0
(5,5): 0.1964286
(5,6): 0.2678571
(5,7): 0.5357143
(5,8): 0.3928571
(5,9): 0.07142857
(5,10): 0.125
(5,11): 0.03571429
(5,12): 0
(5,13): 0
(5,14): 0
(5,15): 0
(6,0): 0
(6,1): 0
(6,2): 0
(6,3): 0
(6,4): 0.1428571
(6,5): 0.1428571
(6,6): 0.25
(6,7): 0.1071429
(6,8): 0.03571429
(6,9): 0
(6,10): 0
(6,11): 0
(6,12): 0
(6,13): 0
(6,14): 0
(6,15): 0
(7,0): 0
(7,1): 0
(7,2): 0
(7,3): 0
(7,4): 0.03571429
(7,5): 0.03571429
(7,6): 0
(7,7): 0.07142857
(7,8): 0.07142857
(7,9): 0
(7,10): 0
(7,11): 0
(7,12): 0
(7,13): 0
(7,14): 0
(7,15): 0
.
(0,0): 0
(0,1): 0
(0,2): 0
(0,3): 0
(0,4): 0
(0,5): 0
(0,6): 0
(0,7): 0
(0,8): 0
(0,9): 0
(0,10): 0
(0,11): 0.04255319
(0,12): 0.04255319
(0,13): 0.0212766
(0,14): 0.08510638
(0,15): 1
(1,0): 0
(1,1): 0
(1,2): 0
(1,3): 0
(1,4): 0
(1,5): 0
(1,6): 0
(1,7): 0
(1,8): 0
(1,9): 0
(1,10): 0
(1,11): 0
(1,12): 0.0212766
(1,13): 0
(1,14): 0.04255319
(1,15): 0.06382979
(2,0): 0
(2,1): 0
(2,2): 0
(2,3): 0
(2,4): 0
(2,5): 0
(2,6): 0
(2,7): 0
(2,8): 0
(2,9): 0
(2,10): 0
(2,11): 0
(2,12): 0.0212766
(2,13): 0.1702128
(2,14): 0.04255319
(2,15): 0
(3,0): 0
(3,1): 0
(3,2): 0
(3,3): 0
(3,4): 0
(3,5): 0
(3,6): 0
(3,7): 0
(3,8): 0.2553191
(3,9): 0
(3,10): 0
(3,11): 0
(3,12): 0.0212766
(3,13): 0.0212766
(3,14): 0.04255319
(3,15): 0.06382979
(4,0): 0
(4,1): 0
(4,2): 0
(4,3): 0
(4,4): 0
(4,5): 0
(4,6): 0
(4,7): 0
(4,8): 0.06382979
(4,9): 0.08510638
(4,10): 0.0212766
(4,11): 0.0212766
(4,12): 0.04255319
(4,13): 0
(4,14): 0
(4,15): 0.1914894
(5,0): 0
(5,1): 0
(5,2): 0
(5,3): 0
(5,4): 0
(5,5): 0
(5,6): 0
(5,7): 0
(5,8): 0
(5,9): 0
(5,10): 0
(5,11): 0.04255319
(5,12): 0.0212766
(5,13): 0.0212766
(5,14): 0.0212766
(5,15): 0.2553191
(6,0): 0
(6,1): 0
(6,2): 0
(6,3): 0
(6,4): 0
(6,5): 0
(6,6): 0
(6,7): 0
(6,8): 0
(6,9): 0
(6,10): 0
(6,11): 0.0212766
(6,12): 0
(6,13): 0
(6,14): 0
(6,15): 0.4468085
(7,0): 0
(7,1): 0
(7,2): 0
(7,3): 0
(7,4): 0
(7,5): 0
(7,6): 0
(7,7): 0
(7,8): 0
(7,9): 0
(7,10): 0
(7,11): 0
(7,12): 0
(7,13): 0
(7,14): 0.106383
(7,15): 0.2553191
.
(0,0): 0
(0,1): 0
(0,2): 0
(0,3): 0
(0,4): 0
(0,5): 0
(0,6): 0
(0,7): 0
(0,8): 0
(0,9): 0
(0,10): 0
(0,11): 0.05797102
(0,12): 0.01449275
(0,13): 0.01449275
(0,14): 0.1014493
(0,15): 0.3478261
(1,0): 0
(1,1): 0
(1,2): 0
(1,3): 0
(1,4): 0
(1,5): 0
(1,6): 0
(1,7): 0
(1,8): 0
(1,9): 0
(1,10): 0
(1,11): 0.007246377
(1,12): 0
(1,13): 0
(1,14): 0.03623188
(1,15): 0.03623188
(2,0): 0
(2,1): 0
(2,2): 0
(2,3): 0
(2,4): 0
(2,5): 0
(2,6): 0
(2,7): 0
(2,8): 0
(2,9): 0
(2,10): 0
(2,11): 0
(2,12): 0.01449275
(2,13): 0
(2,14): 0.02173913
(2,15): 0.04347826
(3,0): 0
(3,1): 0
(3,2): 0
(3,3): 0
(3,4): 0
(3,5): 0
(3,6): 0
(3,7): 0
(3,8): 0.1594203
(3,9): 0
(3,10): 0
(3,11): 0
(3,12): 0.007246377
(3,13): 0
(3,14): 0
(3,15): 0.1014493
(4,0): 0
(4,1): 0
(4,2): 0
(4,3): 0
(4,4): 0
(4,5): 0
(4,6): 0.007246377
(4,7): 0.02898551
(4,8): 0
(4,9): 0
(4,10): 0
(4,11): 0
(4,12): 0.007246377
(4,13): 0.007246377
(4,14): 0.02173913
(4,15): 0.07246377
(5,0): 0
(5,1): 0
(5,2): 0
(5,3): 0
(5,4): 0
(5,5): 0
(5,6): 0
(5,7): 0.02173913
(5,8): 0.01449275
(5,9): 0
(5,10): 0
(5,11): 0
(5,12): 0
(5,13): 0.01449275
(5,14): 0
(5,15): 0.08695652
(6,0): 0
(6,1): 0
(6,2): 0
(6,3): 0
(6,4): 0
(6,5): 0
(6,6): 0
(6,7): 0
(6,8): 0
(6,9): 0.01449275
(6,10): 0
(6,11): 0
(6,12): 0
(6,13): 0.08695652
(6,14): 0.1811594
(6,15): 0.2028985
(7,0): 0.02173913
(7,1): 0.02898551
(7,2): 0.02173913
(7,3): 0.04347826
(7,4): 0.02173913
(7,5): 0.01449275
(7,6): 0.007246377
(7,7): 0.01449275
(7,8): 0.01449275
(7,9): 0.01449275
(7,10): 0.01449275
(7,11): 0.02173913
(7,12): 0.02898551
(7,13): 0.02898551
(7,14): 0.5434783
(7,15): 1
.
(0,0): 0.5409836
(0,1): 0.1147541
(0,2): 0.08196721
(0,3): 0.03278688
(0,4): 0.03278688
(0,5): 0.03278688
(0,6): 0.03278688
(0,7): 0.03278688
(0,8): 0.06557377
(0,9): 0.03278688
(0,10): 0
(0,11): 0.01639344
(0,12): 0.1147541
(0,13): 0.08196721
(0,14): 0.1639344
(0,15): 1
(1,0): 0.1967213
(1,1): 0.01639344
(1,2): 0.03278688
(1,3): 0.04918033
(1,4): 0.01639344
(1,5): 0.01639344
(1,6): 0.01639344
(1,7): 0
(1,8): 0.01639344
(1,9): 0.03278688
(1,10): 0.01639344
(1,11): 0.01639344
(1,12): 0.01639344
(1,13): 0.03278688
(1,14): 0.1803279
(1,15): 0.5245901
(2,0): 0.03278688
(2,1): 0.03278688
(2,2): 0.01639344
(2,3): 0.06557377
(2,4): 0
(2,5): 0
(2,6): 0
(2,7): 0.01639344
(2,8): 0.03278688
(2,9): 0.04918033
(2,10): 0.01639344
(2,11): 0.01639344
(2,12): 0.06557377
(2,13): 0.04918033
(2,14): 0.04918033
(2,15): 0.1639344
(3,0): 0.03278688
(3,1): 0.01639344
(3,2): 0
(3,3): 0.06557377
(3,4): 0.03278688
(3,5): 0
(3,6): 0
(3,7): 0.01639344
(3,8): 0.1147541
(3,9): 0.01639344
(3,10): 0.03278688
(3,11): 0.04918033
(3,12): 0.1147541
(3,13): 0.01639344
(3,14): 0.01639344
(3,15): 0.01639344
(4,0): 0.03278688
(4,1): 0.04918033
(4,2): 0.147541
(4,3): 0.1803279
(4,4): 0.03278688
(4,5): 0
(4,6): 0.04918033
(4,7): 0.08196721
(4,8): 0.08196721
(4,9): 0.2786885
(4,10): 0.2622951
(4,11): 0.1311475
(4,12): 0
(4,13): 0
(4,14): 0
(4,15): 0.04918033
(5,0): 0.01639344
(5,1): 0
(5,2): 0.04918033
(5,3): 0.06557377
(5,4): 0.03278688
(5,5): 0.01639344
(5,6): 0.04918033
(5,7): 0.04918033
(5,8): 0.06557377
(5,9): 0.04918033
(5,10): 0.01639344
(5,11): 0
(5,12): 0
(5,13): 0.01639344
(5,14): 0.01639344
(5,15): 0.03278688
(6,0): 0.08196721
(6,1): 0
(6,2): 0
(6,3): 0.01639344
(6,4): 0
(6,5): 0
(6,6): 0.2786885
(6,7): 0.09836066
(6,8): 0
(6,9): 0.04918033
(6,10): 0.04918033
(6,11): 0.01639344
(6,12): 0
(6,13): 0
(6,14): 0.01639344
(6,15): 0.03278688
(7,0): 0.03278688
(7,1): 0.01639344
(7,2): 0.01639344
(7,3): 0
(7,4): 0.01639344
(7,5): 0.01639344
(7,6): 0
(7,7): 0.01639344
(7,8): 0.06557377
(7,9): 0.03278688
(7,10): 0.1147541
(7,11): 0
(7,12): 0
(7,13): 0
(7,14): 0
(7,15): 0
.
(0,0): 0.06122449
(0,1): 0.1836735
(0,2): 0.04081633
(0,3): 0.04081633
(0,4): 0.08163265
(0,5): 0.3673469
(0,6): 0.08163265
(0,7): 0.122449
(0,8): 0.1428571
(0,9): 0.1632653
(0,10): 0.1428571
(0,11): 0.2244898
(0,12): 0.1632653
(0,13): 0.08163265
(0,14): 0.5306122
(0,15): 0.6938776
(1,0): 0.244898
(1,1): 0.04081633
(1,2): 0.06122449
(1,3): 0
(1,4): 0
(1,5): 0.04081633
(1,6): 0.06122449
(1,7): 0.1428571
(1,8): 0.1836735
(1,9): 0.1836735
(1,10): 0.1428571
(1,11): 0.04081633
(1,12): 0.06122449
(1,13): 0
(1,14): 0.06122449
(1,15): 0.1020408
(2,0): 0.2857143
(2,1): 0.06122449
(2,2): 0.04081633
(2,3): 0.02040816
(2,4): 0.02040816
(2,5): 0.02040816
(2,6): 0.04081633
(2,7): 0.02040816
(2,8): 0.02040816
(2,9): 0.02040816
(2,10): 0.04081633
(2,11): 0.04081633
(2,12): 0.02040816
(2,13): 0.06122449
(2,14): 0.1020408
(2,15): 0.06122449
(3,0): 0
(3,1): 0.04081633
(3,2): 0
(3,3): 0
(3,4): 0
(3,5): 0.02040816
(3,6): 0.02040816
(3,7): 0.02040816
(3,8): 0.2040816
(3,9): 0
(3,10): 0
(3,11): 0.04081633
(3,12): 0.06122449
(3,13): 0
(3,14): 0.2040816
(3,15): 0.2040816
(4,0): 0
(4,1): 0.04081633
(4,2): 0
(4,3): 0
(4,4): 0
(4,5): 0.02040816
(4,6): 0.06122449
(4,7): 0.08163265
(4,8): 0.08163265
(4,9): 0
(4,10): 0
(4,11): 0
(4,12): 0.04081633
(4,13): 0.04081633
(4,14): 0.02040816
(4,15): 0.122449
(5,0): 0
(5,1): 0.02040816
(5,2): 0.02040816
(5,3): 0
(5,4): 0
(5,5): 0.02040816
(5,6): 0.04081633
(5,7): 0.08163265
(5,8): 0.06122449
(5,9): 0.02040816
(5,10): 0.02040816
(5,11): 0.02040816
(5,12): 0
(5,13): 0.08163265
(5,14): 0.2040816
(5,15): 0.06122449
(6,0): 0
(6,1): 0
(6,2): 0.04081633
(6,3): 0
(6,4): 0.04081633
(6,5): 0
(6,6): 0
(6,7): 0.1428571
(6,8): 0.08163265
(6,9): 0
(6,10): 0
(6,11): 0
(6,12): 0
(6,13): 0
(6,14): 0.2040816
(6,15): 0.1836735
(7,0): 0
(7,1): 0
(7,2): 0
(7,3): 0.08163265
(7,4): 0.06122449
(7,5): 0.06122449
(7,6): 0.1020408
(7,7): 0
(7,8): 0
(7,9): 0.04081633
(7,10): 0.04081633
(7,11): 0.02040816
(7,12): 0.02040816
(7,13): 0.02040816
(7,14): 0.1836735
(7,15): 1
.
(0,0): 0
(0,1): 0
(0,2): 0
(0,3): 0
(0,4): 0
(0,5): 0
(0,6): 0
(0,7): 0.6363636
(0,8): 0.06060606
(0,9): 0.03030303
(0,10): 0.1212121
(0,11): 0.09090909
(0,12): 0.2424242
(0,13): 0.06060606
(0,14): 0.09090909
(0,15): 0.5757576
(1,0): 0
(1,1): 0
(1,2): 0
(1,3): 0
(1,4): 0
(1,5): 0
(1,6): 0
(1,7): 0.4545455
(1,8): 0
(1,9): 0.1212121
(1,10): 0.03030303
(1,11): 0
(1,12): 0
(1,13): 0.3939394
(1,14): 0
(1,15): 0.1515152
(2,0): 0
(2,1): 0
(2,2): 0
(2,3): 0
(2,4): 0
(2,5): 0
(2,6): 0.03030303
(2,7): 0.06060606
(2,8): 0
(2,9): 0
(2,10): 0.03030303
(2,11): 0.06060606
(2,12): 0.03030303
(2,13): 0.06060606
(2,14): 0.3939394
(2,15): 0.6060606
(3,0): 0
(3,1): 0
(3,2): 0
(3,3): 0
(3,4): 0.03030303
(3,5): 0.03030303
(3,6): 0
(3,7): 0.03030303
(3,8): 0.4242424
(3,9): 0
(3,10): 0
(3,11): 0
(3,12): 0.1212121
(3,13): 0.03030303
(3,14): 0.3939394
(3,15): 0.4242424
(4,0): 0.03030303
(4,1): 0.1515152
(4,2): 0
(4,3): 0.03030303
(4,4): 0
(4,5): 0
(4,6): 0
(4,7): 0
(4,8): 0.06060606
(4,9): 0
(4,10): 0
(4,11): 0
(4,12): 0.03030303
(4,13): 0.1212121
(4,14): 0.2121212
(4,15): 0.03030303
(5,0): 0.1515152
(5,1): 0.09090909
(5,2): 0.06060606
(5,3): 0
(5,4): 0
(5,5): 0
(5,6): 0
(5,7): 0
(5,8): 0.03030303
(5,9): 0.03030303
(5,10): 0
(5,11): 0
(5,12): 0
(5,13): 0.06060606
(5,14): 0.09090909
(5,15): 0
(6,0): 0.1515152
(6,1): 0.1212121
(6,2): 0.03030303
(6,3): 0.03030303
(6,4): 0.03030303
(6,5): 0.03030303
(6,6): 0
(6,7): 0
(6,8): 0
(6,9): 0.06060606
(6,10): 0
(6,11): 0
(6,12): 0
(6,13): 0.03030303
(6,14): 0.1212121
(6,15): 0.06060606
(7,0): 1
(7,1): 0
(7,2): 0
(7,3): 0
(7,4): 0
(7,5): 0
(7,6): 0.1212121
(7,7): 0.1515152
(7,8): 0.1818182
(7,9): 0.2727273
(7,10): 0.2121212
(7,11): 0.09090909
(7,12): 0.1515152
(7,13): 0
(7,14): 0.4545455
(7,15): 0.2121212
.
(0,0): 1
(0,1): 0.2827586
(0,2): 0.02068966
(0,3): 0.02758621
(0,4): 0.02068966
(0,5): 0.02068966
(0,6): 0
(0,7): 0
(0,8): 0
(0,9): 0
(0,10): 0
(0,11): 0
(0,12): 0
(0,13): 0
(0,14): 0
(0,15): 0
(1,0): 0.137931
(1,1): 0.04137931
(1,2): 0
(1,3): 0
(1,4): 0
(1,5): 0.006896552
(1,6): 0.006896552
(1,7): 0
(1,8): 0
(1,9): 0
(1,10): 0
(1,11): 0
(1,12): 0
(1,13): 0
(1,14): 0
(1,15): 0
(2,0): 0
(2,1): 0
(2,2): 0
(2,3): 0
(2,4): 0
(2,5): 0
(2,6): 0.006896552
(2,7): 0.006896552
(2,8): 0
(2,9): 0
(2,10): 0
(2,11): 0
(2,12): 0
(2,13): 0
(2,14): 0
(2,15): 0
(3,0): 0
(3,1): 0
(3,2): 0
(3,3): 0
(3,4): 0
(3,5): 0
(3,6): 0
(3,7): 0.006896552
(3,8): 0.2206897
(3,9): 0
(3,10): 0
(3,11): 0
(3,12): 0
(3,13): 0
(3,14): 0
(3,15): 0
(4,0): 0
(4,1): 0
(4,2): 0
(4,3): 0
(4,4): 0
(4,5): 0
(4,6): 0
(4,7): 0
(4,8): 0.08275862
(4,9): 0
(4,10): 0
(4,11): 0
(4,12): 0
(4,13): 0
(4,14): 0
(4,15): 0
(5,0): 0
(5,1): 0
(5,2): 0
(5,3): 0
(5,4): 0
(5,5): 0
(5,6): 0
(5,7): 0
(5,8): 0
(5,9): 0
(5,10): 0
(5,11): 0
(5,12): 0
(5,13): 0
(5,14): 0
(5,15): 0
(6,0): 0
(6,1): 0
(6,2): 0
(6,3): 0
(6,4): 0
(6,5): 0
(6,6): 0
(6,7): 0
(6,8): 0
(6,9): 0
(6,10): 0
(6,11): 0
(6,12): 0
(6,13): 0
(6,14): 0
(6,15): 0
(7,0): 0
(7,1): 0
(7,2): 0
(7,3): 0
(7,4): 0
(7,5): 0
(7,6): 0
(7,7): 0
(7,8): 0
(7,9): 0
(7,10): 0
(7,11): 0
(7,12): 0
(7,13): 0
(7,14): 0
(7,15): 0
.
(0,0): 0
(0,1): 0
(0,2): 0
(0,3): 0
(0,4): 0
(0,5): 0
(0,6): 0
(0,7): 0
(0,8): 0.7321429
(0,9): 1
(0,10): 0.1607143
(0,11): 0.6428571
(0,12): 0.03571429
(0,13): 0.05357143
(0,14): 0.2678571
(0,15): 0.1785714
(1,0): 0
(1,1): 0
(1,2): 0
(1,3): 0
(1,4): 0
(1,5): 0
(1,6): 0
(1,7): 0
(1,8): 0.375
(1,9): 0.05357143
(1,10): 0
(1,11): 0
(1,12): 0
(1,13): 0
(1,14): 0.25
(1,15): 0.2678571
(2,0): 0
(2,1): 0
(2,2): 0
(2,3): 0
(2,4): 0
(2,5): 0
(2,6): 0
(2,7): 0
(2,8): 0.01785714
(2,9): 0
(2,10): 0
(2,11): 0
(2,12): 0
(2,13): 0
(2,14): 0
(2,15): 0.05357143
(3,0): 0
(3,1): 0
(3,2): 0
(3,3): 0
(3,4): 0
(3,5): 0
(3,6): 0
(3,7): 0
(3,8): 0.5892857
(3,9): 0
(3,10): 0
(3,11): 0
(3,12): 0
(3,13): 0
(3,14): 0
(3,15): 0
(4,0): 0
(4,1): 0
(4,2): 0
(4,3): 0
(4,4): 0
(4,5): 0
(4,6): 0
(4,7): 0
(4,8): 0
(4,9): 0
(4,10): 0
(4,11): 0
(4,12): 0
(4,13): 0
(4,14): 0
(4,15): 0
(5,0): 0
(5,1): 0
(5,2): 0
(5,3): 0
(5,4): 0
(5,5): 0
(5,6): 0
(5,7): 0
(5,8): 0
(5,9): 0
(5,10): 0
(5,11): 0
(5,12): 0
(5,13): 0
(5,14): 0
(5,15): 0
(6,0): 0
(6,1): 0
(6,2): 0
(6,3): 0
(6,4): 0
(6,5): 0
(6,6): 0
(6,7): 0
(6,8): 0
(6,9): 0
(6,10): 0
(6,11): 0
(6,12): 0
(6,13): 0
(6,14): 0
(6,15): 0
(7,0): 0
(7,1): 0
(7,2): 0
(7,3): 0
(7,4): 0
(7,5): 0
(7,6): 0
(7,7): 0
(7,8): 0
(7,9): 0
(7,10): 0
(7,11): 0
(7,12): 0
(7,13): 0
(7,14): 0
(7,15): 0


(0,0): 0
(0,1): 0
(0,2): 0
(0,3): 0
(0,4): 0,1666667
(0,5): 0,02380952
(0,6): 0,1190476
(0,7): 0
(0,8): 0
(0,9): 0
(0,10): 0
(0,11): 0
(0,12): 0
(0,13): 0
(0,14): 0
(0,15): 0
(1,0): 0
(1,1): 0
(1,2): 0
(1,3): 0,07142857
(1,4): 0,2857143
(1,5): 0,2380952
(1,6): 0,0952381
(1,7): 0
(1,8): 0,0952381
(1,9): 0,07142857
(1,10): 0,02380952
(1,11): 0
(1,12): 0
(1,13): 0
(1,14): 0
(1,15): 0
(2,0): 0
(2,1): 0
(2,2): 0
(2,3): 0,1190476
(2,4): 0,1666667
(2,5): 0,3095238
(2,6): 0,3095238
(2,7): 0,1666667
(2,8): 0,0952381
(2,9): 0,2619048
(2,10): 0,2142857
(2,11): 0,02380952
(2,12): 0
(2,13): 0
(2,14): 0
(2,15): 0
(3,0): 0
(3,1): 0
(3,2): 0
(3,3): 0
(3,4): 0
(3,5): 0,2857143
(3,6): 0,547619
(3,7): 0,4047619
(3,8): 0,7619048
(3,9): 0,4761905
(3,10): 0,1666667
(3,11): 0,4047619
(3,12): 0,0952381
(3,13): 0,1428571
(3,14): 0
(3,15): 0
(4,0): 0
(4,1): 0
(4,2): 0
(4,3): 0
(4,4): 0,07142857
(4,5): 0,04761905
(4,6): 0,5714286
(4,7): 0,5714286
(4,8): 0,952381
(4,9): 1
(4,10): 0,7142857
(4,11): 0,3571429
(4,12): 0
(4,13): 0
(4,14): 0
(4,15): 0
(5,0): 0,02380952
(5,1): 0,04761905
(5,2): 0,04761905
(5,3): 0,1428571
(5,4): 0,04761905
(5,5): 0,1428571
(5,6): 0,2619048
(5,7): 0,547619
(5,8): 0,5714286
(5,9): 0,3809524
(5,10): 0,07142857
(5,11): 0,1190476
(5,12): 0
(5,13): 0
(5,14): 0
(5,15): 0
(6,0): 0
(6,1): 0,1666667
(6,2): 0,04761905
(6,3): 0,02380952
(6,4): 0
(6,5): 0,1666667
(6,6): 0,1904762
(6,7): 0,2380952
(6,8): 0,2380952
(6,9): 0,3095238
(6,10): 0
(6,11): 0,1428571
(6,12): 0
(6,13): 0
(6,14): 0
(6,15): 0
(7,0): 0
(7,1): 0
(7,2): 0
(7,3): 0
(7,4): 0
(7,5): 0,1190476
(7,6): 0,1190476
(7,7): 0,02380952
(7,8): 0,3095238
(7,9): 0,02380952
(7,10): 0,02380952
(7,11): 0
(7,12): 0,02380952
(7,13): 0,02380952
(7,14): 0,02380952
(7,15): 0,02380952
.
(0,0): 0
(0,1): 0
(0,2): 0
(0,3): 0
(0,4): 0,2857143
(0,5): 0,6428571
(0,6): 1
(0,7): 0
(0,8): 0
(0,9): 0
(0,10): 0
(0,11): 0
(0,12): 0
(0,13): 0
(0,14): 0
(0,15): 0
(1,0): 0
(1,1): 0
(1,2): 0
(1,3): 0,2142857
(1,4): 0,5714286
(1,5): 0,3571429
(1,6): 0,2142857
(1,7): 0
(1,8): 0
(1,9): 0
(1,10): 0
(1,11): 0
(1,12): 0
(1,13): 0
(1,14): 0
(1,15): 0
(2,0): 0
(2,1): 0,2857143
(2,2): 0,07142857
(2,3): 0,1428571
(2,4): 0,4285714
(2,5): 0,2142857
(2,6): 0,1428571
(2,7): 0
(2,8): 0
(2,9): 0
(2,10): 0
(2,11): 0
(2,12): 0
(2,13): 0
(2,14): 0
(2,15): 0
(3,0): 0
(3,1): 0,6428571
(3,2): 0,1428571
(3,3): 0,2857143
(3,4): 0,7142857
(3,5): 0,1428571
(3,6): 0,5
(3,7): 0
(3,8): 0,7142857
(3,9): 0
(3,10): 0
(3,11): 0
(3,12): 0
(3,13): 0
(3,14): 0
(3,15): 0
(4,0): 0
(4,1): 0
(4,2): 0,07142857
(4,3): 0
(4,4): 0
(4,5): 0,1428571
(4,6): 0,4285714
(4,7): 0,1428571
(4,8): 0
(4,9): 0
(4,10): 0
(4,11): 0
(4,12): 0
(4,13): 0
(4,14): 0
(4,15): 0
(5,0): 0
(5,1): 0
(5,2): 0
(5,3): 0
(5,4): 0
(5,5): 0
(5,6): 0
(5,7): 0
(5,8): 0
(5,9): 0
(5,10): 0
(5,11): 0
(5,12): 0
(5,13): 0
(5,14): 0
(5,15): 0
(6,0): 0
(6,1): 0
(6,2): 0
(6,3): 0
(6,4): 0
(6,5): 0
(6,6): 0
(6,7): 0
(6,8): 0
(6,9): 0
(6,10): 0
(6,11): 0
(6,12): 0
(6,13): 0
(6,14): 0
(6,15): 0
(7,0): 0
(7,1): 0
(7,2): 0
(7,3): 0
(7,4): 0
(7,5): 0
(7,6): 0
(7,7): 0
(7,8): 0
(7,9): 0
(7,10): 0
(7,11): 0
(7,12): 0
(7,13): 0
(7,14): 0
(7,15): 0
.
(0,0): 1
(0,1): 0.05769231
(0,2): 0.07692308
(0,3): 0.07692308
(0,4): 0.1153846
(0,5): 0.1346154
(0,6): 0.03846154
(0,7): 0.01923077
(0,8): 0
(0,9): 0.09615385
(0,10): 0
(0,11): 0
(0,12): 0
(0,13): 0
(0,14): 0
(0,15): 0
(1,0): 0.01923077
(1,1): 0
(1,2): 0
(1,3): 0
(1,4): 0
(1,5): 0.01923077
(1,6): 0.05769231
(1,7): 0.03846154
(1,8): 0.01923077
(1,9): 0.05769231
(1,10): 0.1153846
(1,11): 0
(1,12): 0
(1,13): 0
(1,14): 0
(1,15): 0
(2,0): 0.03846154
(2,1): 0
(2,2): 0
(2,3): 0
(2,4): 0
(2,5): 0.01923077
(2,6): 0
(2,7): 0.03846154
(2,8): 0.01923077
(2,9): 0.03846154
(2,10): 0.07692308
(2,11): 0
(2,12): 0
(2,13): 0
(2,14): 0
(2,15): 0
(3,0): 0.01923077
(3,1): 0
(3,2): 0
(3,3): 0
(3,4): 0
(3,5): 0.03846154
(3,6): 0
(3,7): 0
(3,8): 0.3461539
(3,9): 0.03846154
(3,10): 0.01923077
(3,11): 0
(3,12): 0
(3,13): 0
(3,14): 0.01923077
(3,15): 0.05769231
(4,0): 0.05769231
(4,1): 0
(4,2): 0
(4,3): 0
(4,4): 0
(4,5): 0.01923077
(4,6): 0
(4,7): 0.01923077
(4,8): 0.1346154
(4,9): 0.1538462
(4,10): 0.01923077
(4,11): 0.01923077
(4,12): 0.01923077
(4,13): 0.03846154
(4,14): 0
(4,15): 0.05769231
(5,0): 0.1730769
(5,1): 0
(5,2): 0
(5,3): 0
(5,4): 0
(5,5): 0.01923077
(5,6): 0
(5,7): 0.01923077
(5,8): 0.09615385
(5,9): 0.3653846
(5,10): 0.25
(5,11): 0.2307692
(5,12): 0.01923077
(5,13): 0
(5,14): 0
(5,15): 0.03846154
(6,0): 0.3461539
(6,1): 0.03846154
(6,2): 0.03846154
(6,3): 0.01923077
(6,4): 0
(6,5): 0.07692308
(6,6): 0.03846154
(6,7): 0.03846154
(6,8): 0.03846154
(6,9): 0.2307692
(6,10): 0.05769231
(6,11): 0.07692308
(6,12): 0.05769231
(6,13): 0.03846154
(6,14): 0.01923077
(6,15): 0.1153846
(7,0): 0
(7,1): 0
(7,2): 0
(7,3): 0
(7,4): 0
(7,5): 0.1153846
(7,6): 0
(7,7): 0
(7,8): 0.03846154
(7,9): 0.1538462
(7,10): 0.05769231
(7,11): 0.05769231
(7,12): 0.03846154
(7,13): 0.01923077
(7,14): 0.05769231
(7,15): 0.25
.
(0,0): 0.6875
(0,1): 0.4375
(0,2): 0.09375
(0,3): 0.40625
(0,4): 0.21875
(0,5): 0.0625
(0,6): 0.125
(0,7): 0.5625
(0,8): 0.65625
(0,9): 1
(0,10): 0.65625
(0,11): 0.34375
(0,12): 0.28125
(0,13): 0.4375
(0,14): 0.65625
(0,15): 0.40625
(1,0): 0.0625
(1,1): 0.0625
(1,2): 0.09375
(1,3): 0.15625
(1,4): 0.125
(1,5): 0.28125
(1,6): 0.0625
(1,7): 0.0625
(1,8): 0.3125
(1,9): 0.5
(1,10): 0.375
(1,11): 0.03125
(1,12): 0.3125
(1,13): 0.0625
(1,14): 0.125
(1,15): 0.25
(2,0): 0.0625
(2,1): 0
(2,2): 0
(2,3): 0
(2,4): 0
(2,5): 0
(2,6): 0
(2,7): 0.15625
(2,8): 0.1875
(2,9): 0.4375
(2,10): 0.4375
(2,11): 0.125
(2,12): 0.125
(2,13): 0.125
(2,14): 0.0625
(2,15): 0.75
(3,0): 0.0625
(3,1): 0
(3,2): 0
(3,3): 0
(3,4): 0
(3,5): 0
(3,6): 0.40625
(3,7): 0.25
(3,8): 0.25
(3,9): 0.15625
(3,10): 0.125
(3,11): 0.0625
(3,12): 0.0625
(3,13): 0.15625
(3,14): 0.0625
(3,15): 0.5
(4,0): 0
(4,1): 0.03125
(4,2): 0
(4,3): 0
(4,4): 0
(4,5): 0
(4,6): 0
(4,7): 0
(4,8): 0.09375
(4,9): 0.0625
(4,10): 0.28125
(4,11): 0.25
(4,12): 0.25
(4,13): 0.25
(4,14): 0.1875
(4,15): 0.40625
(5,0): 0
(5,1): 0.0625
(5,2): 0
(5,3): 0.0625
(5,4): 0.0625
(5,5): 0
(5,6): 0.03125
(5,7): 0.03125
(5,8): 0
(5,9): 0.59375
(5,10): 0.3125
(5,11): 0.40625
(5,12): 0.21875
(5,13): 0.28125
(5,14): 0
(5,15): 0.1875
(6,0): 0.125
(6,1): 0.0625
(6,2): 0.21875
(6,3): 0.15625
(6,4): 0.03125
(6,5): 0.0625
(6,6): 0.1875
(6,7): 0.1875
(6,8): 0.0625
(6,9): 0.28125
(6,10): 0.1875
(6,11): 0.125
(6,12): 0.28125
(6,13): 0.1875
(6,14): 0.21875
(6,15): 0.03125
(7,0): 0.28125
(7,1): 0.15625
(7,2): 0.125
(7,3): 0.03125
(7,4): 0.0625
(7,5): 0.03125
(7,6): 0.03125
(7,7): 0.0625
(7,8): 0.03125
(7,9): 0.1875
(7,10): 0.3125
(7,11): 0.5
(7,12): 0.25
(7,13): 0.34375
(7,14): 0.375
(7,15): 0.46875
.
(0,0): 0
(0,1): 0
(0,2): 0
(0,3): 0.1904762
(0,4): 0.5714286
(0,5): 0.1428571
(0,6): 0.04761905
(0,7): 0
(0,8): 0
(0,9): 0
(0,10): 0
(0,11): 0
(0,12): 0
(0,13): 0
(0,14): 0
(0,15): 0
(1,0): 0
(1,1): 0
(1,2): 0
(1,3): 0.0952381
(1,4): 0.0952381
(1,5): 0
(1,6): 0.4285714
(1,7): 0.1428571
(1,8): 0
(1,9): 0
(1,10): 0
(1,11): 0
(1,12): 0
(1,13): 0
(1,14): 0
(1,15): 0
(2,0): 0
(2,1): 0
(2,2): 0.2380952
(2,3): 0.0952381
(2,4): 0.1428571
(2,5): 0.1904762
(2,6): 0.2380952
(2,7): 0.04761905
(2,8): 0.1904762
(2,9): 0
(2,10): 0
(2,11): 0
(2,12): 0
(2,13): 0
(2,14): 0
(2,15): 0
(3,0): 0
(3,1): 0
(3,2): 0.1428571
(3,3): 0.1428571
(3,4): 0
(3,5): 0.0952381
(3,6): 0.3333333
(3,7): 0.0952381
(3,8): 0.6190476
(3,9): 0
(3,10): 0
(3,11): 0
(3,12): 0
(3,13): 0
(3,14): 0
(3,15): 0
(4,0): 0
(4,1): 0
(4,2): 0.0952381
(4,3): 0.1428571
(4,4): 0.1428571
(4,5): 0.3809524
(4,6): 0.04761905
(4,7): 0.1904762
(4,8): 0.1904762
(4,9): 0.04761905
(4,10): 0
(4,11): 0
(4,12): 0
(4,13): 0
(4,14): 0
(4,15): 0
(5,0): 0
(5,1): 0
(5,2): 0.1904762
(5,3): 0.0952381
(5,4): 0.04761905
(5,5): 0.4761905
(5,6): 0.7142857
(5,7): 0.04761905
(5,8): 0
(5,9): 0.2380952
(5,10): 0
(5,11): 0
(5,12): 0
(5,13): 0
(5,14): 0
(5,15): 0
(6,0): 1
(6,1): 0.1428571
(6,2): 0.04761905
(6,3): 0.04761905
(6,4): 0.0952381
(6,5): 0.3333333
(6,6): 0.04761905
(6,7): 0.04761905
(6,8): 0.1904762
(6,9): 0.04761905
(6,10): 0
(6,11): 0
(6,12): 0
(6,13): 0
(6,14): 0
(6,15): 0
(7,0): 0
(7,1): 0
(7,2): 0
(7,3): 0
(7,4): 0
(7,5): 0
(7,6): 0
(7,7): 0
(7,8): 0
(7,9): 0
(7,10): 0
(7,11): 0
(7,12): 0
(7,13): 0
(7,14): 0
(7,15): 0
.
(0,0): 0.0882353
(0,1): 0.2352941
(0,2): 0.2058824
(0,3): 0.2058824
(0,4): 0
(0,5): 0
(0,6): 0
(0,7): 0
(0,8): 0
(0,9): 0
(0,10): 0
(0,11): 0
(0,12): 0
(0,13): 0
(0,14): 0
(0,15): 0
(1,0): 0.2352941
(1,1): 0.1764706
(1,2): 0
(1,3): 0
(1,4): 0
(1,5): 0
(1,6): 0
(1,7): 0.02941176
(1,8): 0.05882353
(1,9): 0
(1,10): 0
(1,11): 0
(1,12): 0
(1,13): 0
(1,14): 0
(1,15): 0
(2,0): 0.05882353
(2,1): 0.0882353
(2,2): 0
(2,3): 0
(2,4): 0
(2,5): 0
(2,6): 0.1470588
(2,7): 0.05882353
(2,8): 0.3529412
(2,9): 0
(2,10): 0
(2,11): 0
(2,12): 0
(2,13): 0
(2,14): 0
(2,15): 0
(3,0): 0.1470588
(3,1): 0
(3,2): 0
(3,3): 0
(3,4): 0
(3,5): 0
(3,6): 0.4411765
(3,7): 0.0882353
(3,8): 0.9411765
(3,9): 0
(3,10): 0
(3,11): 0
(3,12): 0
(3,13): 0
(3,14): 0
(3,15): 0
(4,0): 0.0882353
(4,1): 0.02941176
(4,2): 0
(4,3): 0
(4,4): 0
(4,5): 0
(4,6): 0
(4,7): 0.02941176
(4,8): 0.5294118
(4,9): 0
(4,10): 0
(4,11): 0
(4,12): 0
(4,13): 0
(4,14): 0
(4,15): 0
(5,0): 0.05882353
(5,1): 0.02941176
(5,2): 0
(5,3): 0
(5,4): 0
(5,5): 0.02941176
(5,6): 0.02941176
(5,7): 0
(5,8): 0
(5,9): 0
(5,10): 0
(5,11): 0
(5,12): 0
(5,13): 0
(5,14): 0
(5,15): 0
(6,0): 0.3823529
(6,1): 0.0882353
(6,2): 0.02941176
(6,3): 0.5
(6,4): 0.2352941
(6,5): 0
(6,6): 0
(6,7): 0
(6,8): 0
(6,9): 0
(6,10): 0
(6,11): 0
(6,12): 0
(6,13): 0
(6,14): 0
(6,15): 0
(7,0): 1
(7,1): 0.2058824
(7,2): 0.3529412
(7,3): 0.2352941
(7,4): 0.2941177
(7,5): 0.3823529
(7,6): 0.1176471
(7,7): 0
(7,8): 0
(7,9): 0
(7,10): 0
(7,11): 0
(7,12): 0
(7,13): 0
(7,14): 0
(7,15): 0
.
(0,0): 0.5757576
(0,1): 0.03030303
(0,2): 0.06060606
(0,3): 0.03030303
(0,4): 0.06060606
(0,5): 0.06060606
(0,6): 0
(0,7): 0.1818182
(0,8): 0.2121212
(0,9): 0.2121212
(0,10): 0.06060606
(0,11): 0
(0,12): 0.03030303
(0,13): 0
(0,14): 0
(0,15): 0.03030303
(1,0): 0.1212121
(1,1): 0.09090909
(1,2): 0.03030303
(1,3): 0
(1,4): 0.03030303
(1,5): 0.03030303
(1,6): 0
(1,7): 0.06060606
(1,8): 0.09090909
(1,9): 0.03030303
(1,10): 0
(1,11): 0
(1,12): 0
(1,13): 0
(1,14): 0
(1,15): 0
(2,0): 0
(2,1): 0
(2,2): 0.06060606
(2,3): 0.03030303
(2,4): 0.2121212
(2,5): 0
(2,6): 0.03030303
(2,7): 0
(2,8): 0.06060606
(2,9): 0.03030303
(2,10): 0.09090909
(2,11): 0
(2,12): 0
(2,13): 0
(2,14): 0
(2,15): 0
(3,0): 0
(3,1): 0.03030303
(3,2): 0
(3,3): 0
(3,4): 1
(3,5): 0.1212121
(3,6): 0.2121212
(3,7): 0.1515152
(3,8): 0.3333333
(3,9): 0.2424242
(3,10): 0.3939394
(3,11): 0.1212121
(3,12): 0.06060606
(3,13): 0.06060606
(3,14): 0.1212121
(3,15): 0.3333333
(4,0): 0
(4,1): 0
(4,2): 0
(4,3): 0
(4,4): 0
(4,5): 0.06060606
(4,6): 0
(4,7): 0.1515152
(4,8): 0.2121212
(4,9): 0.1818182
(4,10): 0.03030303
(4,11): 0.03030303
(4,12): 0.4545455
(4,13): 0.1818182
(4,14): 0.06060606
(4,15): 0.1515152
(5,0): 0
(5,1): 0
(5,2): 0.03030303
(5,3): 0
(5,4): 0
(5,5): 0
(5,6): 0
(5,7): 0
(5,8): 0.06060606
(5,9): 0.1818182
(5,10): 0.06060606
(5,11): 0.03030303
(5,12): 0
(5,13): 0.09090909
(5,14): 0.09090909
(5,15): 0.2424242
(6,0): 0.03030303
(6,1): 0
(6,2): 0
(6,3): 0
(6,4): 0
(6,5): 0
(6,6): 0
(6,7): 0
(6,8): 0
(6,9): 0
(6,10): 0.03030303
(6,11): 0.06060606
(6,12): 0.03030303
(6,13): 0.03030303
(6,14): 0.09090909
(6,15): 0.03030303
(7,0): 0
(7,1): 0
(7,2): 0
(7,3): 0.03030303
(7,4): 0.03030303
(7,5): 0.06060606
(7,6): 0.06060606
(7,7): 0.03030303
(7,8): 0.03030303
(7,9): 0.03030303
(7,10): 0.03030303
(7,11): 0.06060606
(7,12): 0.03030303
(7,13): 0.06060606
(7,14): 0.03030303
(7,15): 0.6060606
.
(0,0): 1
(0,1): 0.5263158
(0,2): 0.4210526
(0,3): 0.1052632
(0,4): 0.1052632
(0,5): 0.1052632
(0,6): 0.1578947
(0,7): 0.1578947
(0,8): 0.2105263
(0,9): 0.6315789
(0,10): 0.3157895
(0,11): 0.2631579
(0,12): 0.2631579
(0,13): 0.368421
(0,14): 0.1578947
(0,15): 0.6315789
(1,0): 0.4210526
(1,1): 0.1052632
(1,2): 0.05263158
(1,3): 0
(1,4): 0
(1,5): 0
(1,6): 0
(1,7): 0.05263158
(1,8): 0.05263158
(1,9): 0.2105263
(1,10): 0.1052632
(1,11): 0.05263158
(1,12): 0.1052632
(1,13): 0.05263158
(1,14): 0.1578947
(1,15): 0
(2,0): 0.1578947
(2,1): 0.1578947
(2,2): 0.05263158
(2,3): 0.1052632
(2,4): 0.1052632
(2,5): 0.1578947
(2,6): 0.1052632
(2,7): 0.05263158
(2,8): 0.1578947
(2,9): 0
(2,10): 0.05263158
(2,11): 0
(2,12): 0
(2,13): 0.1052632
(2,14): 0.5263158
(2,15): 0.368421
(3,0): 0
(3,1): 0.05263158
(3,2): 0
(3,3): 0.05263158
(3,4): 0.05263158
(3,5): 0.05263158
(3,6): 0
(3,7): 0.1578947
(3,8): 0.6842105
(3,9): 0.2631579
(3,10): 0.1052632
(3,11): 0.1052632
(3,12): 0.1052632
(3,13): 0.1052632
(3,14): 0
(3,15): 0
(4,0): 0
(4,1): 0
(4,2): 0
(4,3): 0.05263158
(4,4): 0.1052632
(4,5): 0
(4,6): 0.1578947
(4,7): 0.2105263
(4,8): 0.05263158
(4,9): 0.05263158
(4,10): 0.2631579
(4,11): 0.05263158
(4,12): 0.1578947
(4,13): 0
(4,14): 0
(4,15): 0
(5,0): 0.1578947
(5,1): 0.3157895
(5,2): 0.2105263
(5,3): 0.05263158
(5,4): 0.05263158
(5,5): 0.2105263
(5,6): 0.368421
(5,7): 0.1052632
(5,8): 0.1578947
(5,9): 0.1052632
(5,10): 0.2105263
(5,11): 0.2631579
(5,12): 0.1578947
(5,13): 0.05263158
(5,14): 0.05263158
(5,15): 0
(6,0): 0.368421
(6,1): 0
(6,2): 0
(6,3): 0
(6,4): 0
(6,5): 0.8421053
(6,6): 0
(6,7): 0.1052632
(6,8): 0.1052632
(6,9): 0.05263158
(6,10): 0.05263158
(6,11): 0
(6,12): 0.05263158
(6,13): 0.05263158
(6,14): 0
(6,15): 0.8421053
(7,0): 0.368421
(7,1): 0.1052632
(7,2): 0.1578947
(7,3): 0.1578947
(7,4): 0.1052632
(7,5): 0.1578947
(7,6): 0.1578947
(7,7): 0.1052632
(7,8): 0
(7,9): 0.05263158
(7,10): 0.1052632
(7,11): 0.1578947
(7,12): 0.2631579
(7,13): 0.2631579
(7,14): 0.2631579
(7,15): 0.4210526
.
(0,0): 0
(0,1): 0
(0,2): 0
(0,3): 0
(0,4): 0
(0,5): 0
(0,6): 0
(0,7): 0
(0,8): 0
(0,9): 0
(0,10): 0
(0,11): 0
(0,12): 0
(0,13): 0
(0,14): 0
(0,15): 1
(1,0): 0
(1,1): 0
(1,2): 0
(1,3): 0
(1,4): 0
(1,5): 0
(1,6): 0
(1,7): 0
(1,8): 0
(1,9): 0
(1,10): 0
(1,11): 0
(1,12): 0
(1,13): 0
(1,14): 0
(1,15): 0.1470588
(2,0): 0
(2,1): 0
(2,2): 0
(2,3): 0
(2,4): 0
(2,5): 0
(2,6): 0
(2,7): 0
(2,8): 0
(2,9): 0
(2,10): 0
(2,11): 0.004901961
(2,12): 0.009803922
(2,13): 0.009803922
(2,14): 0.01470588
(2,15): 0.01470588
(3,0): 0
(3,1): 0
(3,2): 0
(3,3): 0
(3,4): 0
(3,5): 0
(3,6): 0
(3,7): 0
(3,8): 0.03431373
(3,9): 0.004901961
(3,10): 0.004901961
(3,11): 0.004901961
(3,12): 0
(3,13): 0
(3,14): 0.009803922
(3,15): 0.009803922
(4,0): 0
(4,1): 0
(4,2): 0
(4,3): 0
(4,4): 0
(4,5): 0
(4,6): 0
(4,7): 0
(4,8): 0
(4,9): 0
(4,10): 0
(4,11): 0
(4,12): 0
(4,13): 0
(4,14): 0.004901961
(4,15): 0.004901961
(5,0): 0
(5,1): 0
(5,2): 0
(5,3): 0
(5,4): 0
(5,5): 0
(5,6): 0
(5,7): 0
(5,8): 0
(5,9): 0
(5,10): 0
(5,11): 0
(5,12): 0
(5,13): 0
(5,14): 0
(5,15): 0.009803922
(6,0): 0
(6,1): 0
(6,2): 0
(6,3): 0
(6,4): 0
(6,5): 0
(6,6): 0
(6,7): 0
(6,8): 0
(6,9): 0
(6,10): 0
(6,11): 0
(6,12): 0
(6,13): 0
(6,14): 0
(6,15): 0.01960784
(7,0): 0
(7,1): 0
(7,2): 0
(7,3): 0
(7,4): 0
(7,5): 0
(7,6): 0
(7,7): 0
(7,8): 0
(7,9): 0
(7,10): 0
(7,11): 0
(7,12): 0
(7,13): 0
(7,14): 0
(7,15): 0.02941176


