
(0,0): 0
(0,1): 0
(0,2): 0
(0,3): 0
(0,4): 0
(0,5): 0
(0,6): 0
(0,7): 0
(0,8): 0
(0,9): 0
(0,10): 0
(0,11): 0
(0,12): 0
(0,13): 0
(0,14): 0,004807692
(0,15): 1
(1,0): 0
(1,1): 0
(1,2): 0
(1,3): 0
(1,4): 0
(1,5): 0
(1,6): 0
(1,7): 0
(1,8): 0
(1,9): 0
(1,10): 0
(1,11): 0
(1,12): 0,004807692
(1,13): 0
(1,14): 0
(1,15): 0
(2,0): 0
(2,1): 0
(2,2): 0
(2,3): 0
(2,4): 0
(2,5): 0
(2,6): 0
(2,7): 0
(2,8): 0
(2,9): 0
(2,10): 0,004807692
(2,11): 0,004807692
(2,12): 0
(2,13): 0
(2,14): 0
(2,15): 0
(3,0): 0
(3,1): 0
(3,2): 0
(3,3): 0
(3,4): 0
(3,5): 0
(3,6): 0
(3,7): 0
(3,8): 0,03846154
(3,9): 0,009615385
(3,10): 0
(3,11): 0
(3,12): 0
(3,13): 0
(3,14): 0
(3,15): 0
(4,0): 0
(4,1): 0
(4,2): 0
(4,3): 0
(4,4): 0
(4,5): 0
(4,6): 0
(4,7): 0
(4,8): 0
(4,9): 0
(4,10): 0
(4,11): 0
(4,12): 0
(4,13): 0
(4,14): 0
(4,15): 0
(5,0): 0
(5,1): 0
(5,2): 0
(5,3): 0
(5,4): 0
(5,5): 0
(5,6): 0
(5,7): 0
(5,8): 0
(5,9): 0
(5,10): 0
(5,11): 0
(5,12): 0
(5,13): 0
(5,14): 0
(5,15): 0
(6,0): 0
(6,1): 0
(6,2): 0
(6,3): 0
(6,4): 0
(6,5): 0
(6,6): 0
(6,7): 0
(6,8): 0
(6,9): 0
(6,10): 0
(6,11): 0
(6,12): 0
(6,13): 0
(6,14): 0
(6,15): 0
(7,0): 0
(7,1): 0
(7,2): 0
(7,3): 0
(7,4): 0
(7,5): 0
(7,6): 0
(7,7): 0
(7,8): 0
(7,9): 0
(7,10): 0
(7,11): 0
(7,12): 0
(7,13): 0
(7,14): 0
(7,15): 0
.
(0,0): 0
(0,1): 0
(0,2): 0
(0,3): 0
(0,4): 0
(0,5): 0
(0,6): 0
(0,7): 0
(0,8): 0
(0,9): 0
(0,10): 0
(0,11): 0
(0,12): 0
(0,13): 0
(0,14): 0
(0,15): 1
(1,0): 0
(1,1): 0
(1,2): 0
(1,3): 0
(1,4): 0
(1,5): 0
(1,6): 0
(1,7): 0
(1,8): 0
(1,9): 0
(1,10): 0
(1,11): 0
(1,12): 0
(1,13): 0
(1,14): 0,003257329
(1,15): 0
(2,0): 0
(2,1): 0
(2,2): 0
(2,3): 0
(2,4): 0
(2,5): 0
(2,6): 0
(2,7): 0
(2,8): 0
(2,9): 0
(2,10): 0
(2,11): 0,003257329
(2,12): 0
(2,13): 0,003257329
(2,14): 0
(2,15): 0
(3,0): 0
(3,1): 0
(3,2): 0
(3,3): 0
(3,4): 0
(3,5): 0
(3,6): 0
(3,7): 0
(3,8): 0,0228013
(3,9): 0,003257329
(3,10): 0,003257329
(3,11): 0
(3,12): 0
(3,13): 0
(3,14): 0
(3,15): 0
(4,0): 0
(4,1): 0
(4,2): 0
(4,3): 0
(4,4): 0
(4,5): 0
(4,6): 0
(4,7): 0
(4,8): 0
(4,9): 0
(4,10): 0
(4,11): 0
(4,12): 0
(4,13): 0
(4,14): 0
(4,15): 0
(5,0): 0
(5,1): 0
(5,2): 0
(5,3): 0
(5,4): 0
(5,5): 0
(5,6): 0
(5,7): 0
(5,8): 0
(5,9): 0
(5,10): 0
(5,11): 0
(5,12): 0
(5,13): 0
(5,14): 0
(5,15): 0
(6,0): 0
(6,1): 0
(6,2): 0
(6,3): 0
(6,4): 0
(6,5): 0
(6,6): 0
(6,7): 0
(6,8): 0
(6,9): 0
(6,10): 0
(6,11): 0
(6,12): 0
(6,13): 0
(6,14): 0
(6,15): 0
(7,0): 0
(7,1): 0
(7,2): 0
(7,3): 0
(7,4): 0
(7,5): 0
(7,6): 0
(7,7): 0
(7,8): 0
(7,9): 0
(7,10): 0
(7,11): 0
(7,12): 0
(7,13): 0
(7,14): 0
(7,15): 0
.
(0,0): 0
(0,1): 0
(0,2): 0
(0,3): 0
(0,4): 0
(0,5): 0
(0,6): 0
(0,7): 0
(0,8): 0
(0,9): 0
(0,10): 0
(0,11): 0
(0,12): 0
(0,13): 0,01369863
(0,14): 0,01369863
(0,15): 1
(1,0): 0
(1,1): 0
(1,2): 0
(1,3): 0
(1,4): 0
(1,5): 0
(1,6): 0
(1,7): 0
(1,8): 0
(1,9): 0
(1,10): 0
(1,11): 0,01369863
(1,12): 0
(1,13): 0
(1,14): 0
(1,15): 0
(2,0): 0
(2,1): 0
(2,2): 0
(2,3): 0
(2,4): 0
(2,5): 0
(2,6): 0
(2,7): 0
(2,8): 0
(2,9): 0
(2,10): 0,01369863
(2,11): 0
(2,12): 0
(2,13): 0
(2,14): 0
(2,15): 0
(3,0): 0
(3,1): 0
(3,2): 0
(3,3): 0
(3,4): 0
(3,5): 0
(3,6): 0
(3,7): 0
(3,8): 0,1506849
(3,9): 0,01369863
(3,10): 0
(3,11): 0
(3,12): 0
(3,13): 0
(3,14): 0
(3,15): 0
(4,0): 0
(4,1): 0
(4,2): 0
(4,3): 0
(4,4): 0
(4,5): 0
(4,6): 0
(4,7): 0
(4,8): 0
(4,9): 0
(4,10): 0
(4,11): 0
(4,12): 0
(4,13): 0
(4,14): 0
(4,15): 0
(5,0): 0
(5,1): 0
(5,2): 0
(5,3): 0
(5,4): 0
(5,5): 0
(5,6): 0
(5,7): 0
(5,8): 0
(5,9): 0
(5,10): 0
(5,11): 0
(5,12): 0
(5,13): 0
(5,14): 0
(5,15): 0
(6,0): 0
(6,1): 0
(6,2): 0
(6,3): 0
(6,4): 0
(6,5): 0
(6,6): 0
(6,7): 0
(6,8): 0
(6,9): 0
(6,10): 0
(6,11): 0
(6,12): 0
(6,13): 0
(6,14): 0
(6,15): 0
(7,0): 0
(7,1): 0
(7,2): 0
(7,3): 0
(7,4): 0
(7,5): 0
(7,6): 0
(7,7): 0
(7,8): 0
(7,9): 0
(7,10): 0
(7,11): 0
(7,12): 0
(7,13): 0
(7,14): 0
(7,15): 0
.
(0,0): 0
(0,1): 0
(0,2): 0
(0,3): 0
(0,4): 0
(0,5): 0
(0,6): 0
(0,7): 0
(0,8): 0
(0,9): 0
(0,10): 0
(0,11): 0
(0,12): 0
(0,13): 0
(0,14): 0
(0,15): 1
(1,0): 0
(1,1): 0
(1,2): 0
(1,3): 0
(1,4): 0
(1,5): 0
(1,6): 0
(1,7): 0
(1,8): 0
(1,9): 0
(1,10): 0
(1,11): 0
(1,12): 0
(1,13): 0
(1,14): 0,002840909
(1,15): 0
(2,0): 0
(2,1): 0
(2,2): 0
(2,3): 0
(2,4): 0
(2,5): 0
(2,6): 0
(2,7): 0
(2,8): 0
(2,9): 0
(2,10): 0
(2,11): 0,002840909
(2,12): 0,002840909
(2,13): 0
(2,14): 0
(2,15): 0
(3,0): 0
(3,1): 0
(3,2): 0
(3,3): 0
(3,4): 0
(3,5): 0
(3,6): 0
(3,7): 0
(3,8): 0,02272727
(3,9): 0,002840909
(3,10): 0,002840909
(3,11): 0
(3,12): 0
(3,13): 0
(3,14): 0
(3,15): 0
(4,0): 0
(4,1): 0
(4,2): 0
(4,3): 0
(4,4): 0
(4,5): 0
(4,6): 0
(4,7): 0
(4,8): 0
(4,9): 0
(4,10): 0
(4,11): 0
(4,12): 0
(4,13): 0
(4,14): 0
(4,15): 0
(5,0): 0
(5,1): 0
(5,2): 0
(5,3): 0
(5,4): 0
(5,5): 0
(5,6): 0
(5,7): 0
(5,8): 0
(5,9): 0
(5,10): 0
(5,11): 0
(5,12): 0
(5,13): 0
(5,14): 0
(5,15): 0
(6,0): 0
(6,1): 0
(6,2): 0
(6,3): 0
(6,4): 0
(6,5): 0
(6,6): 0
(6,7): 0
(6,8): 0
(6,9): 0
(6,10): 0
(6,11): 0
(6,12): 0
(6,13): 0
(6,14): 0
(6,15): 0
(7,0): 0
(7,1): 0
(7,2): 0
(7,3): 0
(7,4): 0
(7,5): 0
(7,6): 0
(7,7): 0
(7,8): 0
(7,9): 0
(7,10): 0
(7,11): 0
(7,12): 0
(7,13): 0
(7,14): 0
(7,15): 0
.
(0,0): 0
(0,1): 0
(0,2): 0
(0,3): 0
(0,4): 0
(0,5): 0
(0,6): 0
(0,7): 0
(0,8): 0
(0,9): 0
(0,10): 0
(0,11): 0,01020408
(0,12): 0,01020408
(0,13): 0,01020408
(0,14): 0,01020408
(0,15): 1
(1,0): 0
(1,1): 0
(1,2): 0
(1,3): 0
(1,4): 0
(1,5): 0
(1,6): 0
(1,7): 0
(1,8): 0
(1,9): 0
(1,10): 0,01020408
(1,11): 0
(1,12): 0
(1,13): 0
(1,14): 0
(1,15): 0
(2,0): 0
(2,1): 0
(2,2): 0
(2,3): 0
(2,4): 0
(2,5): 0
(2,6): 0
(2,7): 0
(2,8): 0
(2,9): 0,01020408
(2,10): 0
(2,11): 0
(2,12): 0
(2,13): 0
(2,14): 0
(2,15): 0
(3,0): 0
(3,1): 0
(3,2): 0
(3,3): 0
(3,4): 0
(3,5): 0
(3,6): 0
(3,7): 0
(3,8): 0,1122449
(3,9): 0
(3,10): 0
(3,11): 0
(3,12): 0
(3,13): 0
(3,14): 0
(3,15): 0
(4,0): 0
(4,1): 0
(4,2): 0
(4,3): 0
(4,4): 0
(4,5): 0
(4,6): 0
(4,7): 0
(4,8): 0
(4,9): 0
(4,10): 0
(4,11): 0
(4,12): 0
(4,13): 0
(4,14): 0
(4,15): 0
(5,0): 0
(5,1): 0
(5,2): 0
(5,3): 0
(5,4): 0
(5,5): 0
(5,6): 0
(5,7): 0
(5,8): 0
(5,9): 0
(5,10): 0
(5,11): 0
(5,12): 0
(5,13): 0
(5,14): 0
(5,15): 0
(6,0): 0
(6,1): 0
(6,2): 0
(6,3): 0
(6,4): 0
(6,5): 0
(6,6): 0
(6,7): 0
(6,8): 0
(6,9): 0
(6,10): 0
(6,11): 0
(6,12): 0
(6,13): 0
(6,14): 0
(6,15): 0
(7,0): 0
(7,1): 0
(7,2): 0
(7,3): 0
(7,4): 0
(7,5): 0
(7,6): 0
(7,7): 0
(7,8): 0
(7,9): 0
(7,10): 0
(7,11): 0
(7,12): 0
(7,13): 0
(7,14): 0
(7,15): 0
.
(0,0): 0
(0,1): 0
(0,2): 0
(0,3): 0
(0,4): 0
(0,5): 0
(0,6): 0
(0,7): 0
(0,8): 0
(0,9): 0
(0,10): 0
(0,11): 0
(0,12): 0
(0,13): 0
(0,14): 0,1267606
(0,15): 1
(1,0): 0
(1,1): 0
(1,2): 0
(1,3): 0
(1,4): 0
(1,5): 0
(1,6): 0
(1,7): 0
(1,8): 0
(1,9): 0
(1,10): 0
(1,11): 0
(1,12): 0
(1,13): 0
(1,14): 0
(1,15): 0,1267606
(2,0): 0
(2,1): 0
(2,2): 0
(2,3): 0
(2,4): 0
(2,5): 0
(2,6): 0
(2,7): 0
(2,8): 0
(2,9): 0
(2,10): 0
(2,11): 0
(2,12): 0
(2,13): 0
(2,14): 0,02816901
(2,15): 0,1408451
(3,0): 0
(3,1): 0
(3,2): 0
(3,3): 0
(3,4): 0
(3,5): 0
(3,6): 0
(3,7): 0
(3,8): 0,1408451
(3,9): 0,02816901
(3,10): 0,02816901
(3,11): 0,01408451
(3,12): 0,01408451
(3,13): 0,02816901
(3,14): 0
(3,15): 0,05633803
(4,0): 0
(4,1): 0
(4,2): 0
(4,3): 0
(4,4): 0
(4,5): 0
(4,6): 0
(4,7): 0
(4,8): 0
(4,9): 0
(4,10): 0
(4,11): 0
(4,12): 0
(4,13): 0
(4,14): 0,01408451
(4,15): 0,04225352
(5,0): 0
(5,1): 0
(5,2): 0
(5,3): 0
(5,4): 0
(5,5): 0
(5,6): 0
(5,7): 0
(5,8): 0
(5,9): 0
(5,10): 0
(5,11): 0
(5,12): 0
(5,13): 0
(5,14): 0
(5,15): 0,04225352
(6,0): 0
(6,1): 0
(6,2): 0
(6,3): 0
(6,4): 0
(6,5): 0
(6,6): 0
(6,7): 0
(6,8): 0
(6,9): 0
(6,10): 0
(6,11): 0
(6,12): 0,01408451
(6,13): 0,02816901
(6,14): 0,04225352
(6,15): 0
(7,0): 0
(7,1): 0
(7,2): 0
(7,3): 0
(7,4): 0
(7,5): 0
(7,6): 0
(7,7): 0
(7,8): 0
(7,9): 0
(7,10): 0
(7,11): 0
(7,12): 0,02816901
(7,13): 0,04225352
(7,14): 0
(7,15): 0
.
(0,0): 0
(0,1): 0
(0,2): 0
(0,3): 0
(0,4): 0
(0,5): 0
(0,6): 0
(0,7): 0
(0,8): 0
(0,9): 0
(0,10): 0
(0,11): 0
(0,12): 0
(0,13): 0
(0,14): 0
(0,15): 1
(1,0): 0
(1,1): 0
(1,2): 0
(1,3): 0
(1,4): 0
(1,5): 0
(1,6): 0
(1,7): 0
(1,8): 0
(1,9): 0
(1,10): 0
(1,11): 0
(1,12): 0
(1,13): 0
(1,14): 0
(1,15): 0,006756757
(2,0): 0
(2,1): 0
(2,2): 0
(2,3): 0
(2,4): 0
(2,5): 0
(2,6): 0
(2,7): 0
(2,8): 0
(2,9): 0
(2,10): 0
(2,11): 0
(2,12): 0
(2,13): 0
(2,14): 0,003378378
(2,15): 0,01013513
(3,0): 0
(3,1): 0
(3,2): 0
(3,3): 0
(3,4): 0
(3,5): 0
(3,6): 0
(3,7): 0
(3,8): 0,02364865
(3,9): 0,003378378
(3,10): 0,003378378
(3,11): 0,003378378
(3,12): 0,003378378
(3,13): 0
(3,14): 0
(3,15): 0
(4,0): 0
(4,1): 0
(4,2): 0
(4,3): 0
(4,4): 0
(4,5): 0
(4,6): 0
(4,7): 0
(4,8): 0
(4,9): 0
(4,10): 0
(4,11): 0
(4,12): 0
(4,13): 0
(4,14): 0
(4,15): 0
(5,0): 0
(5,1): 0
(5,2): 0
(5,3): 0
(5,4): 0
(5,5): 0
(5,6): 0
(5,7): 0
(5,8): 0
(5,9): 0
(5,10): 0
(5,11): 0
(5,12): 0
(5,13): 0
(5,14): 0
(5,15): 0
(6,0): 0
(6,1): 0
(6,2): 0
(6,3): 0
(6,4): 0
(6,5): 0
(6,6): 0
(6,7): 0
(6,8): 0
(6,9): 0
(6,10): 0
(6,11): 0
(6,12): 0
(6,13): 0
(6,14): 0
(6,15): 0
(7,0): 0
(7,1): 0
(7,2): 0
(7,3): 0
(7,4): 0
(7,5): 0
(7,6): 0
(7,7): 0
(7,8): 0
(7,9): 0
(7,10): 0
(7,11): 0
(7,12): 0
(7,13): 0
(7,14): 0
(7,15): 0
.
(0,0): 0
(0,1): 0
(0,2): 0
(0,3): 0
(0,4): 0
(0,5): 0
(0,6): 0
(0,7): 0
(0,8): 0
(0,9): 0
(0,10): 0
(0,11): 0
(0,12): 0,009803922
(0,13): 0
(0,14): 0,009803922
(0,15): 1
(1,0): 0
(1,1): 0
(1,2): 0
(1,3): 0
(1,4): 0
(1,5): 0
(1,6): 0
(1,7): 0
(1,8): 0
(1,9): 0
(1,10): 0
(1,11): 0,009803922
(1,12): 0
(1,13): 0
(1,14): 0
(1,15): 0
(2,0): 0
(2,1): 0
(2,2): 0
(2,3): 0
(2,4): 0
(2,5): 0
(2,6): 0
(2,7): 0
(2,8): 0
(2,9): 0,01960784
(2,10): 0,009803922
(2,11): 0
(2,12): 0
(2,13): 0
(2,14): 0
(2,15): 0
(3,0): 0
(3,1): 0
(3,2): 0
(3,3): 0
(3,4): 0
(3,5): 0
(3,6): 0
(3,7): 0
(3,8): 0,1078431
(3,9): 0,009803922
(3,10): 0
(3,11): 0
(3,12): 0
(3,13): 0
(3,14): 0
(3,15): 0
(4,0): 0
(4,1): 0
(4,2): 0
(4,3): 0
(4,4): 0
(4,5): 0
(4,6): 0
(4,7): 0
(4,8): 0
(4,9): 0
(4,10): 0
(4,11): 0
(4,12): 0
(4,13): 0
(4,14): 0
(4,15): 0
(5,0): 0
(5,1): 0
(5,2): 0
(5,3): 0
(5,4): 0
(5,5): 0
(5,6): 0
(5,7): 0
(5,8): 0
(5,9): 0
(5,10): 0
(5,11): 0
(5,12): 0
(5,13): 0
(5,14): 0
(5,15): 0
(6,0): 0
(6,1): 0
(6,2): 0
(6,3): 0
(6,4): 0
(6,5): 0
(6,6): 0
(6,7): 0
(6,8): 0
(6,9): 0
(6,10): 0
(6,11): 0
(6,12): 0
(6,13): 0
(6,14): 0
(6,15): 0
(7,0): 0
(7,1): 0
(7,2): 0
(7,3): 0
(7,4): 0
(7,5): 0
(7,6): 0
(7,7): 0
(7,8): 0
(7,9): 0
(7,10): 0
(7,11): 0
(7,12): 0
(7,13): 0
(7,14): 0
(7,15): 0
.
(0,0): 0
(0,1): 0
(0,2): 0
(0,3): 0
(0,4): 0
(0,5): 0
(0,6): 0
(0,7): 0
(0,8): 0
(0,9): 0
(0,10): 0
(0,11): 0
(0,12): 0,003546099
(0,13): 0,003546099
(0,14): 0
(0,15): 1
(1,0): 0
(1,1): 0
(1,2): 0
(1,3): 0
(1,4): 0
(1,5): 0
(1,6): 0
(1,7): 0
(1,8): 0
(1,9): 0
(1,10): 0
(1,11): 0,003546099
(1,12): 0
(1,13): 0
(1,14): 0
(1,15): 0
(2,0): 0
(2,1): 0
(2,2): 0
(2,3): 0
(2,4): 0
(2,5): 0
(2,6): 0
(2,7): 0
(2,8): 0
(2,9): 0
(2,10): 0,003546099
(2,11): 0
(2,12): 0
(2,13): 0
(2,14): 0
(2,15): 0
(3,0): 0
(3,1): 0
(3,2): 0
(3,3): 0
(3,4): 0
(3,5): 0
(3,6): 0
(3,7): 0
(3,8): 0,02836879
(3,9): 0,003546099
(3,10): 0
(3,11): 0
(3,12): 0
(3,13): 0
(3,14): 0
(3,15): 0
(4,0): 0
(4,1): 0
(4,2): 0
(4,3): 0
(4,4): 0
(4,5): 0
(4,6): 0
(4,7): 0
(4,8): 0
(4,9): 0
(4,10): 0
(4,11): 0
(4,12): 0
(4,13): 0
(4,14): 0
(4,15): 0
(5,0): 0
(5,1): 0
(5,2): 0
(5,3): 0
(5,4): 0
(5,5): 0
(5,6): 0
(5,7): 0
(5,8): 0
(5,9): 0
(5,10): 0
(5,11): 0
(5,12): 0
(5,13): 0
(5,14): 0
(5,15): 0
(6,0): 0
(6,1): 0
(6,2): 0
(6,3): 0
(6,4): 0
(6,5): 0
(6,6): 0
(6,7): 0
(6,8): 0
(6,9): 0
(6,10): 0
(6,11): 0
(6,12): 0
(6,13): 0
(6,14): 0
(6,15): 0
(7,0): 0
(7,1): 0
(7,2): 0
(7,3): 0
(7,4): 0
(7,5): 0
(7,6): 0
(7,7): 0
(7,8): 0
(7,9): 0
(7,10): 0
(7,11): 0
(7,12): 0
(7,13): 0
(7,14): 0
(7,15): 0
.
(0,0): 0
(0,1): 0
(0,2): 0
(0,3): 0
(0,4): 0
(0,5): 0
(0,6): 0
(0,7): 0
(0,8): 0
(0,9): 0
(0,10): 0
(0,11): 0
(0,12): 0,004016064
(0,13): 0,004016064
(0,14): 0,004016064
(0,15): 1
(1,0): 0
(1,1): 0
(1,2): 0
(1,3): 0
(1,4): 0
(1,5): 0
(1,6): 0
(1,7): 0
(1,8): 0
(1,9): 0
(1,10): 0
(1,11): 0,004016064
(1,12): 0
(1,13): 0
(1,14): 0
(1,15): 0
(2,0): 0
(2,1): 0
(2,2): 0
(2,3): 0
(2,4): 0
(2,5): 0
(2,6): 0
(2,7): 0
(2,8): 0
(2,9): 0,004016064
(2,10): 0,004016064
(2,11): 0
(2,12): 0
(2,13): 0
(2,14): 0
(2,15): 0
(3,0): 0
(3,1): 0
(3,2): 0
(3,3): 0
(3,4): 0
(3,5): 0
(3,6): 0
(3,7): 0
(3,8): 0,04819277
(3,9): 0
(3,10): 0
(3,11): 0
(3,12): 0
(3,13): 0
(3,14): 0
(3,15): 0
(4,0): 0
(4,1): 0
(4,2): 0
(4,3): 0
(4,4): 0
(4,5): 0
(4,6): 0
(4,7): 0
(4,8): 0
(4,9): 0
(4,10): 0
(4,11): 0
(4,12): 0
(4,13): 0
(4,14): 0
(4,15): 0
(5,0): 0
(5,1): 0
(5,2): 0
(5,3): 0
(5,4): 0
(5,5): 0
(5,6): 0
(5,7): 0
(5,8): 0
(5,9): 0
(5,10): 0
(5,11): 0
(5,12): 0
(5,13): 0
(5,14): 0
(5,15): 0
(6,0): 0
(6,1): 0
(6,2): 0
(6,3): 0
(6,4): 0
(6,5): 0
(6,6): 0
(6,7): 0
(6,8): 0
(6,9): 0
(6,10): 0
(6,11): 0
(6,12): 0
(6,13): 0
(6,14): 0
(6,15): 0
(7,0): 0
(7,1): 0
(7,2): 0
(7,3): 0
(7,4): 0
(7,5): 0
(7,6): 0
(7,7): 0
(7,8): 0
(7,9): 0
(7,10): 0
(7,11): 0
(7,12): 0
(7,13): 0
(7,14): 0
(7,15): 0


(0,0): 0
(0,1): 0
(0,2): 0
(0,3): 0
(0,4): 0
(0,5): 0
(0,6): 0
(0,7): 0
(0,8): 0
(0,9): 0
(0,10): 0
(0,11): 0
(0,12): 0
(0,13): 0
(0,14): 0
(0,15): 0
(1,0): 0
(1,1): 0
(1,2): 0
(1,3): 0
(1,4): 0
(1,5): 0
(1,6): 0
(1,7): 0
(1,8): 0
(1,9): 0
(1,10): 0
(1,11): 0
(1,12): 0
(1,13): 0
(1,14): 0
(1,15): 0
(2,0): 0
(2,1): 0
(2,2): 0
(2,3): 0
(2,4): 0
(2,5): 0
(2,6): 0
(2,7): 0
(2,8): 0
(2,9): 0
(2,10): 0
(2,11): 0
(2,12): 0
(2,13): 0
(2,14): 0
(2,15): 0
(3,0): 0
(3,1): 0
(3,2): 0
(3,3): 0
(3,4): 0
(3,5): 0
(3,6): 0
(3,7): 0
(3,8): 0,03255814
(3,9): 0
(3,10): 0
(3,11): 0
(3,12): 0
(3,13): 0
(3,14): 0
(3,15): 0
(4,0): 0
(4,1): 0
(4,2): 0
(4,3): 0
(4,4): 0
(4,5): 0
(4,6): 0
(4,7): 0
(4,8): 0,009302326
(4,9): 0,004651163
(4,10): 0
(4,11): 0
(4,12): 0
(4,13): 0
(4,14): 0
(4,15): 0
(5,0): 0
(5,1): 0
(5,2): 0
(5,3): 0
(5,4): 0
(5,5): 0
(5,6): 0
(5,7): 0
(5,8): 0
(5,9): 0
(5,10): 0,004651163
(5,11): 0,004651163
(5,12): 0
(5,13): 0
(5,14): 0
(5,15): 0
(6,0): 0
(6,1): 0
(6,2): 0
(6,3): 0
(6,4): 0
(6,5): 0
(6,6): 0
(6,7): 0
(6,8): 0
(6,9): 0
(6,10): 0
(6,11): 0
(6,12): 0,004651163
(6,13): 0,004651163
(6,14): 0
(6,15): 0
(7,0): 0
(7,1): 0
(7,2): 0
(7,3): 0
(7,4): 0
(7,5): 0
(7,6): 0
(7,7): 0
(7,8): 0
(7,9): 0
(7,10): 0
(7,11): 0
(7,12): 0
(7,13): 0
(7,14): 0
(7,15): 1
.
(0,0): 0
(0,1): 0
(0,2): 0
(0,3): 0
(0,4): 0
(0,5): 0
(0,6): 0
(0,7): 0
(0,8): 0
(0,9): 0
(0,10): 0
(0,11): 0
(0,12): 0,003521127
(0,13): 0,003521127
(0,14): 0
(0,15): 1
(1,0): 0
(1,1): 0
(1,2): 0
(1,3): 0
(1,4): 0
(1,5): 0
(1,6): 0
(1,7): 0
(1,8): 0
(1,9): 0
(1,10): 0,003521127
(1,11): 0,003521127
(1,12): 0
(1,13): 0
(1,14): 0
(1,15): 0
(2,0): 0
(2,1): 0
(2,2): 0
(2,3): 0
(2,4): 0
(2,5): 0
(2,6): 0
(2,7): 0
(2,8): 0
(2,9): 0,003521127
(2,10): 0,003521127
(2,11): 0
(2,12): 0
(2,13): 0
(2,14): 0
(2,15): 0
(3,0): 0
(3,1): 0
(3,2): 0
(3,3): 0
(3,4): 0
(3,5): 0
(3,6): 0
(3,7): 0
(3,8): 0,02816901
(3,9): 0,003521127
(3,10): 0
(3,11): 0
(3,12): 0
(3,13): 0
(3,14): 0
(3,15): 0
(4,0): 0
(4,1): 0
(4,2): 0
(4,3): 0
(4,4): 0
(4,5): 0
(4,6): 0
(4,7): 0
(4,8): 0
(4,9): 0
(4,10): 0
(4,11): 0
(4,12): 0
(4,13): 0
(4,14): 0
(4,15): 0
(5,0): 0
(5,1): 0
(5,2): 0
(5,3): 0
(5,4): 0
(5,5): 0
(5,6): 0
(5,7): 0
(5,8): 0
(5,9): 0
(5,10): 0
(5,11): 0
(5,12): 0
(5,13): 0
(5,14): 0
(5,15): 0
(6,0): 0
(6,1): 0
(6,2): 0
(6,3): 0
(6,4): 0
(6,5): 0
(6,6): 0
(6,7): 0
(6,8): 0
(6,9): 0
(6,10): 0
(6,11): 0
(6,12): 0
(6,13): 0
(6,14): 0
(6,15): 0
(7,0): 0
(7,1): 0
(7,2): 0
(7,3): 0
(7,4): 0
(7,5): 0
(7,6): 0
(7,7): 0
(7,8): 0
(7,9): 0
(7,10): 0
(7,11): 0
(7,12): 0
(7,13): 0
(7,14): 0
(7,15): 0
.
(0,0): 0
(0,1): 0
(0,2): 0
(0,3): 0
(0,4): 0
(0,5): 0
(0,6): 0
(0,7): 0
(0,8): 0
(0,9): 0
(0,10): 0
(0,11): 0
(0,12): 0
(0,13): 0
(0,14): 0
(0,15): 1
(1,0): 0
(1,1): 0
(1,2): 0
(1,3): 0
(1,4): 0
(1,5): 0
(1,6): 0
(1,7): 0
(1,8): 0
(1,9): 0
(1,10): 0
(1,11): 0
(1,12): 0,004132231
(1,13): 0,004132231
(1,14): 0
(1,15): 0
(2,0): 0
(2,1): 0
(2,2): 0
(2,3): 0
(2,4): 0
(2,5): 0
(2,6): 0
(2,7): 0
(2,8): 0
(2,9): 0
(2,10): 0
(2,11): 0,008264462
(2,12): 0
(2,13): 0
(2,14): 0
(2,15): 0
(3,0): 0
(3,1): 0
(3,2): 0
(3,3): 0
(3,4): 0
(3,5): 0
(3,6): 0
(3,7): 0
(3,8): 0,03305785
(3,9): 0,008264462
(3,10): 0,004132231
(3,11): 0
(3,12): 0
(3,13): 0
(3,14): 0
(3,15): 0
(4,0): 0
(4,1): 0
(4,2): 0
(4,3): 0
(4,4): 0
(4,5): 0
(4,6): 0
(4,7): 0
(4,8): 0
(4,9): 0
(4,10): 0
(4,11): 0
(4,12): 0
(4,13): 0
(4,14): 0
(4,15): 0
(5,0): 0
(5,1): 0
(5,2): 0
(5,3): 0
(5,4): 0
(5,5): 0
(5,6): 0
(5,7): 0
(5,8): 0
(5,9): 0
(5,10): 0
(5,11): 0
(5,12): 0
(5,13): 0
(5,14): 0
(5,15): 0
(6,0): 0
(6,1): 0
(6,2): 0
(6,3): 0
(6,4): 0
(6,5): 0
(6,6): 0
(6,7): 0
(6,8): 0
(6,9): 0
(6,10): 0
(6,11): 0
(6,12): 0
(6,13): 0
(6,14): 0
(6,15): 0
(7,0): 0
(7,1): 0
(7,2): 0
(7,3): 0
(7,4): 0
(7,5): 0
(7,6): 0
(7,7): 0
(7,8): 0
(7,9): 0
(7,10): 0
(7,11): 0
(7,12): 0
(7,13): 0
(7,14): 0
(7,15): 0
.
(0,0): 0
(0,1): 0
(0,2): 0
(0,3): 0
(0,4): 0
(0,5): 0
(0,6): 0
(0,7): 0
(0,8): 0
(0,9): 0
(0,10): 0
(0,11): 0
(0,12): 0
(0,13): 0
(0,14): 0,05504587
(0,15): 1
(1,0): 0
(1,1): 0
(1,2): 0
(1,3): 0
(1,4): 0
(1,5): 0
(1,6): 0
(1,7): 0
(1,8): 0
(1,9): 0
(1,10): 0
(1,11): 0,009174312
(1,12): 0
(1,13): 0,009174312
(1,14): 0
(1,15): 0
(2,0): 0
(2,1): 0
(2,2): 0
(2,3): 0
(2,4): 0
(2,5): 0
(2,6): 0
(2,7): 0
(2,8): 0
(2,9): 0,009174312
(2,10): 0,009174312
(2,11): 0
(2,12): 0
(2,13): 0
(2,14): 0
(2,15): 0
(3,0): 0
(3,1): 0
(3,2): 0
(3,3): 0
(3,4): 0
(3,5): 0
(3,6): 0
(3,7): 0
(3,8): 0,08256881
(3,9): 0,009174312
(3,10): 0
(3,11): 0
(3,12): 0
(3,13): 0
(3,14): 0
(3,15): 0
(4,0): 0
(4,1): 0
(4,2): 0
(4,3): 0
(4,4): 0
(4,5): 0
(4,6): 0
(4,7): 0
(4,8): 0
(4,9): 0
(4,10): 0
(4,11): 0
(4,12): 0
(4,13): 0
(4,14): 0
(4,15): 0
(5,0): 0
(5,1): 0
(5,2): 0
(5,3): 0
(5,4): 0
(5,5): 0
(5,6): 0
(5,7): 0
(5,8): 0
(5,9): 0
(5,10): 0
(5,11): 0
(5,12): 0
(5,13): 0
(5,14): 0
(5,15): 0
(6,0): 0
(6,1): 0
(6,2): 0
(6,3): 0
(6,4): 0
(6,5): 0
(6,6): 0
(6,7): 0
(6,8): 0
(6,9): 0
(6,10): 0
(6,11): 0
(6,12): 0
(6,13): 0
(6,14): 0
(6,15): 0
(7,0): 0
(7,1): 0
(7,2): 0
(7,3): 0
(7,4): 0
(7,5): 0
(7,6): 0
(7,7): 0
(7,8): 0
(7,9): 0
(7,10): 0
(7,11): 0
(7,12): 0
(7,13): 0
(7,14): 0
(7,15): 0
.
(0,0): 0
(0,1): 0
(0,2): 0
(0,3): 0
(0,4): 0
(0,5): 0
(0,6): 0
(0,7): 0
(0,8): 0
(0,9): 0
(0,10): 0
(0,11): 0
(0,12): 0
(0,13): 0
(0,14): 0
(0,15): 1
(1,0): 0
(1,1): 0
(1,2): 0
(1,3): 0
(1,4): 0
(1,5): 0
(1,6): 0
(1,7): 0
(1,8): 0
(1,9): 0
(1,10): 0
(1,11): 0
(1,12): 0
(1,13): 0
(1,14): 0
(1,15): 0,006920415
(2,0): 0
(2,1): 0
(2,2): 0
(2,3): 0
(2,4): 0
(2,5): 0
(2,6): 0
(2,7): 0
(2,8): 0
(2,9): 0
(2,10): 0
(2,11): 0
(2,12): 0
(2,13): 0
(2,14): 0
(2,15): 0,003460208
(3,0): 0
(3,1): 0
(3,2): 0
(3,3): 0
(3,4): 0
(3,5): 0
(3,6): 0
(3,7): 0
(3,8): 0,01038062
(3,9): 0
(3,10): 0
(3,11): 0
(3,12): 0
(3,13): 0
(3,14): 0
(3,15): 0,01038062
(4,0): 0
(4,1): 0
(4,2): 0
(4,3): 0
(4,4): 0
(4,5): 0
(4,6): 0
(4,7): 0
(4,8): 0,006920415
(4,9): 0,003460208
(4,10): 0,003460208
(4,11): 0,003460208
(4,12): 0,003460208
(4,13): 0
(4,14): 0,003460208
(4,15): 0
(5,0): 0
(5,1): 0
(5,2): 0
(5,3): 0
(5,4): 0
(5,5): 0
(5,6): 0
(5,7): 0
(5,8): 0
(5,9): 0
(5,10): 0
(5,11): 0
(5,12): 0
(5,13): 0
(5,14): 0
(5,15): 0
(6,0): 0
(6,1): 0
(6,2): 0
(6,3): 0
(6,4): 0
(6,5): 0
(6,6): 0
(6,7): 0
(6,8): 0
(6,9): 0
(6,10): 0
(6,11): 0
(6,12): 0
(6,13): 0
(6,14): 0
(6,15): 0
(7,0): 0
(7,1): 0
(7,2): 0
(7,3): 0
(7,4): 0
(7,5): 0
(7,6): 0
(7,7): 0
(7,8): 0
(7,9): 0
(7,10): 0
(7,11): 0
(7,12): 0
(7,13): 0
(7,14): 0
(7,15): 0
.
(0,0): 0
(0,1): 0
(0,2): 0
(0,3): 0
(0,4): 0
(0,5): 0
(0,6): 0
(0,7): 0
(0,8): 0
(0,9): 0
(0,10): 0
(0,11): 0
(0,12): 0
(0,13): 0
(0,14): 0
(0,15): 1
(1,0): 0
(1,1): 0
(1,2): 0
(1,3): 0
(1,4): 0
(1,5): 0
(1,6): 0
(1,7): 0
(1,8): 0
(1,9): 0
(1,10): 0
(1,11): 0
(1,12): 0
(1,13): 0,003649635
(1,14): 0,003649635
(1,15): 0
(2,0): 0
(2,1): 0
(2,2): 0
(2,3): 0
(2,4): 0
(2,5): 0
(2,6): 0
(2,7): 0
(2,8): 0
(2,9): 0
(2,10): 0
(2,11): 0,003649635
(2,12): 0,003649635
(2,13): 0
(2,14): 0
(2,15): 0
(3,0): 0
(3,1): 0
(3,2): 0
(3,3): 0
(3,4): 0
(3,5): 0
(3,6): 0
(3,7): 0
(3,8): 0,02919708
(3,9): 0,00729927
(3,10): 0,003649635
(3,11): 0
(3,12): 0
(3,13): 0
(3,14): 0
(3,15): 0
(4,0): 0
(4,1): 0
(4,2): 0
(4,3): 0
(4,4): 0
(4,5): 0
(4,6): 0
(4,7): 0
(4,8): 0
(4,9): 0
(4,10): 0
(4,11): 0
(4,12): 0
(4,13): 0
(4,14): 0
(4,15): 0
(5,0): 0
(5,1): 0
(5,2): 0
(5,3): 0
(5,4): 0
(5,5): 0
(5,6): 0
(5,7): 0
(5,8): 0
(5,9): 0
(5,10): 0
(5,11): 0
(5,12): 0
(5,13): 0
(5,14): 0
(5,15): 0
(6,0): 0
(6,1): 0
(6,2): 0
(6,3): 0
(6,4): 0
(6,5): 0
(6,6): 0
(6,7): 0
(6,8): 0
(6,9): 0
(6,10): 0
(6,11): 0
(6,12): 0
(6,13): 0
(6,14): 0
(6,15): 0
(7,0): 0
(7,1): 0
(7,2): 0
(7,3): 0
(7,4): 0
(7,5): 0
(7,6): 0
(7,7): 0
(7,8): 0
(7,9): 0
(7,10): 0
(7,11): 0
(7,12): 0
(7,13): 0
(7,14): 0
(7,15): 0
.
(0,0): 0
(0,1): 0
(0,2): 0
(0,3): 0
(0,4): 0
(0,5): 0
(0,6): 0
(0,7): 0
(0,8): 0
(0,9): 0
(0,10): 0
(0,11): 0
(0,12): 0
(0,13): 0
(0,14): 0,009433962
(0,15): 1
(1,0): 0
(1,1): 0
(1,2): 0
(1,3): 0
(1,4): 0
(1,5): 0
(1,6): 0
(1,7): 0
(1,8): 0
(1,9): 0
(1,10): 0
(1,11): 0
(1,12): 0
(1,13): 0,009433962
(1,14): 0
(1,15): 0
(2,0): 0
(2,1): 0
(2,2): 0
(2,3): 0
(2,4): 0
(2,5): 0
(2,6): 0
(2,7): 0
(2,8): 0
(2,9): 0
(2,10): 0,009433962
(2,11): 0,009433962
(2,12): 0
(2,13): 0
(2,14): 0
(2,15): 0
(3,0): 0
(3,1): 0
(3,2): 0
(3,3): 0
(3,4): 0
(3,5): 0
(3,6): 0
(3,7): 0
(3,8): 0,09433962
(3,9): 0,009433962
(3,10): 0
(3,11): 0
(3,12): 0
(3,13): 0
(3,14): 0
(3,15): 0
(4,0): 0
(4,1): 0
(4,2): 0
(4,3): 0
(4,4): 0
(4,5): 0
(4,6): 0
(4,7): 0
(4,8): 0
(4,9): 0
(4,10): 0
(4,11): 0
(4,12): 0
(4,13): 0
(4,14): 0
(4,15): 0
(5,0): 0
(5,1): 0
(5,2): 0
(5,3): 0
(5,4): 0
(5,5): 0
(5,6): 0
(5,7): 0
(5,8): 0
(5,9): 0
(5,10): 0
(5,11): 0
(5,12): 0
(5,13): 0
(5,14): 0
(5,15): 0
(6,0): 0
(6,1): 0
(6,2): 0
(6,3): 0
(6,4): 0
(6,5): 0
(6,6): 0
(6,7): 0
(6,8): 0
(6,9): 0
(6,10): 0
(6,11): 0
(6,12): 0
(6,13): 0
(6,14): 0
(6,15): 0
(7,0): 0
(7,1): 0
(7,2): 0
(7,3): 0
(7,4): 0
(7,5): 0
(7,6): 0
(7,7): 0
(7,8): 0
(7,9): 0
(7,10): 0
(7,11): 0
(7,12): 0
(7,13): 0
(7,14): 0
(7,15): 0
.
(0,0): 0
(0,1): 0
(0,2): 0
(0,3): 0
(0,4): 0
(0,5): 0
(0,6): 0
(0,7): 0
(0,8): 0
(0,9): 0
(0,10): 0
(0,11): 0
(0,12): 0
(0,13): 0
(0,14): 0
(0,15): 0
(1,0): 0
(1,1): 0
(1,2): 0
(1,3): 0
(1,4): 0
(1,5): 0
(1,6): 0
(1,7): 0
(1,8): 0
(1,9): 0
(1,10): 0
(1,11): 0
(1,12): 0
(1,13): 0
(1,14): 0
(1,15): 0
(2,0): 0
(2,1): 0
(2,2): 0
(2,3): 0
(2,4): 0
(2,5): 0
(2,6): 0
(2,7): 0
(2,8): 0
(2,9): 0
(2,10): 0
(2,11): 0
(2,12): 0
(2,13): 0
(2,14): 0
(2,15): 0
(3,0): 0
(3,1): 0
(3,2): 0
(3,3): 0
(3,4): 0
(3,5): 0
(3,6): 0
(3,7): 0
(3,8): 0,04123711
(3,9): 0
(3,10): 0
(3,11): 0
(3,12): 0
(3,13): 0
(3,14): 0
(3,15): 0
(4,0): 0
(4,1): 0
(4,2): 0
(4,3): 0
(4,4): 0
(4,5): 0
(4,6): 0
(4,7): 0
(4,8): 0,02061856
(4,9): 0
(4,10): 0
(4,11): 0
(4,12): 0
(4,13): 0
(4,14): 0
(4,15): 0
(5,0): 0
(5,1): 0
(5,2): 0
(5,3): 0
(5,4): 0
(5,5): 0
(5,6): 0
(5,7): 0
(5,8): 0
(5,9): 0,01030928
(5,10): 0
(5,11): 0
(5,12): 0
(5,13): 0
(5,14): 0
(5,15): 0
(6,0): 0
(6,1): 0
(6,2): 0
(6,3): 0
(6,4): 0
(6,5): 0
(6,6): 0
(6,7): 0
(6,8): 0
(6,9): 0,01030928
(6,10): 0
(6,11): 0
(6,12): 0
(6,13): 0
(6,14): 0
(6,15): 0
(7,0): 0,8865979
(7,1): 0,04123711
(7,2): 0,04123711
(7,3): 0,05154639
(7,4): 0,06185567
(7,5): 0,04123711
(7,6): 0,02061856
(7,7): 0,03092784
(7,8): 0,03092784
(7,9): 0,02061856
(7,10): 0,03092784
(7,11): 0,03092784
(7,12): 0,1134021
(7,13): 0,1030928
(7,14): 0,1546392
(7,15): 1
.
(0,0): 1
(0,1): 0,07692308
(0,2): 0,009615385
(0,3): 0
(0,4): 0
(0,5): 0
(0,6): 0
(0,7): 0
(0,8): 0
(0,9): 0
(0,10): 0
(0,11): 0
(0,12): 0
(0,13): 0
(0,14): 0
(0,15): 0
(1,0): 0
(1,1): 0
(1,2): 0
(1,3): 0,009615385
(1,4): 0
(1,5): 0
(1,6): 0
(1,7): 0
(1,8): 0
(1,9): 0
(1,10): 0
(1,11): 0
(1,12): 0
(1,13): 0
(1,14): 0
(1,15): 0
(2,0): 0
(2,1): 0
(2,2): 0
(2,3): 0
(2,4): 0,009615385
(2,5): 0,009615385
(2,6): 0
(2,7): 0
(2,8): 0
(2,9): 0
(2,10): 0
(2,11): 0
(2,12): 0
(2,13): 0
(2,14): 0
(2,15): 0
(3,0): 0
(3,1): 0
(3,2): 0
(3,3): 0
(3,4): 0
(3,5): 0
(3,6): 0,009615385
(3,7): 0,01923077
(3,8): 0,07692308
(3,9): 0
(3,10): 0
(3,11): 0
(3,12): 0
(3,13): 0
(3,14): 0
(3,15): 0
(4,0): 0
(4,1): 0
(4,2): 0
(4,3): 0
(4,4): 0
(4,5): 0
(4,6): 0
(4,7): 0
(4,8): 0
(4,9): 0
(4,10): 0
(4,11): 0
(4,12): 0
(4,13): 0
(4,14): 0
(4,15): 0
(5,0): 0
(5,1): 0
(5,2): 0
(5,3): 0
(5,4): 0
(5,5): 0
(5,6): 0
(5,7): 0
(5,8): 0
(5,9): 0
(5,10): 0
(5,11): 0
(5,12): 0
(5,13): 0
(5,14): 0
(5,15): 0
(6,0): 0
(6,1): 0
(6,2): 0
(6,3): 0
(6,4): 0
(6,5): 0
(6,6): 0
(6,7): 0
(6,8): 0
(6,9): 0
(6,10): 0
(6,11): 0
(6,12): 0
(6,13): 0
(6,14): 0
(6,15): 0
(7,0): 0
(7,1): 0
(7,2): 0
(7,3): 0
(7,4): 0
(7,5): 0
(7,6): 0
(7,7): 0
(7,8): 0
(7,9): 0
(7,10): 0
(7,11): 0
(7,12): 0
(7,13): 0
(7,14): 0
(7,15): 0


.
(0,0): 0
(0,1): 0
(0,2): 0
(0,3): 0
(0,4): 0
(0,5): 0
(0,6): 0
(0,7): 0
(0,8): 0
(0,9): 0
(0,10): 0
(0,11): 0
(0,12): 0
(0,13): 0,02173913
(0,14): 0,02173913
(0,15): 1
(1,0): 0
(1,1): 0
(1,2): 0
(1,3): 0
(1,4): 0
(1,5): 0
(1,6): 0
(1,7): 0
(1,8): 0
(1,9): 0
(1,10): 0,02173913
(1,11): 0,02173913
(1,12): 0
(1,13): 0
(1,14): 0,02173913
(1,15): 0,5217391
(2,0): 0
(2,1): 0
(2,2): 0
(2,3): 0
(2,4): 0
(2,5): 0
(2,6): 0
(2,7): 0
(2,8): 0
(2,9): 0,04347826
(2,10): 0
(2,11): 0
(2,12): 0
(2,13): 0,04347826
(2,14): 0,04347826
(2,15): 0,8478261
(3,0): 0
(3,1): 0
(3,2): 0
(3,3): 0
(3,4): 0
(3,5): 0
(3,6): 0
(3,7): 0
(3,8): 0,173913
(3,9): 0
(3,10): 0
(3,11): 0
(3,12): 0,04347826
(3,13): 0,06521739
(3,14): 0,1304348
(3,15): 0,3913043
(4,0): 0
(4,1): 0
(4,2): 0
(4,3): 0
(4,4): 0
(4,5): 0
(4,6): 0
(4,7): 0
(4,8): 0
(4,9): 0
(4,10): 0
(4,11): 0
(4,12): 0
(4,13): 0
(4,14): 0
(4,15): 0,7173913
(5,0): 0
(5,1): 0
(5,2): 0
(5,3): 0
(5,4): 0
(5,5): 0
(5,6): 0
(5,7): 0
(5,8): 0
(5,9): 0
(5,10): 0
(5,11): 0
(5,12): 0
(5,13): 0
(5,14): 0
(5,15): 0,6521739
(6,0): 0
(6,1): 0
(6,2): 0
(6,3): 0
(6,4): 0
(6,5): 0
(6,6): 0
(6,7): 0
(6,8): 0
(6,9): 0
(6,10): 0
(6,11): 0
(6,12): 0
(6,13): 0
(6,14): 0
(6,15): 0,4130435
(7,0): 0
(7,1): 0
(7,2): 0
(7,3): 0
(7,4): 0
(7,5): 0
(7,6): 0
(7,7): 0
(7,8): 0
(7,9): 0
(7,10): 0
(7,11): 0
(7,12): 0
(7,13): 0
(7,14): 0
(7,15): 0,6956522
.
(0,0): 0
(0,1): 0
(0,2): 0
(0,3): 0
(0,4): 0
(0,5): 0
(0,6): 0
(0,7): 0
(0,8): 0
(0,9): 0
(0,10): 0
(0,11): 0
(0,12): 0
(0,13): 0
(0,14): 0,05797102
(0,15): 0,5217391
(1,0): 0
(1,1): 0
(1,2): 0
(1,3): 0
(1,4): 0
(1,5): 0
(1,6): 0
(1,7): 0
(1,8): 0
(1,9): 0
(1,10): 0
(1,11): 0
(1,12): 0
(1,13): 0,01449275
(1,14): 0
(1,15): 0,08695652
(2,0): 0
(2,1): 0
(2,2): 0
(2,3): 0
(2,4): 0
(2,5): 0
(2,6): 0
(2,7): 0
(2,8): 0
(2,9): 0
(2,10): 0
(2,11): 0,01449275
(2,12): 0
(2,13): 0
(2,14): 0
(2,15): 0,02898551
(3,0): 0
(3,1): 0
(3,2): 0
(3,3): 0
(3,4): 0
(3,5): 0
(3,6): 0
(3,7): 0
(3,8): 0,1304348
(3,9): 0
(3,10): 0,01449275
(3,11): 0
(3,12): 0
(3,13): 0
(3,14): 0
(3,15): 0,07246377
(4,0): 0
(4,1): 0
(4,2): 0
(4,3): 0
(4,4): 0
(4,5): 0
(4,6): 0
(4,7): 0
(4,8): 0
(4,9): 0
(4,10): 0
(4,11): 0
(4,12): 0
(4,13): 0
(4,14): 0,02898551
(4,15): 0,1594203
(5,0): 0
(5,1): 0
(5,2): 0
(5,3): 0
(5,4): 0
(5,5): 0
(5,6): 0
(5,7): 0
(5,8): 0
(5,9): 0
(5,10): 0
(5,11): 0
(5,12): 0
(5,13): 0
(5,14): 0,02898551
(5,15): 1
(6,0): 0
(6,1): 0
(6,2): 0
(6,3): 0
(6,4): 0
(6,5): 0
(6,6): 0
(6,7): 0
(6,8): 0
(6,9): 0
(6,10): 0
(6,11): 0
(6,12): 0
(6,13): 0
(6,14): 0
(6,15): 0,4927536
(7,0): 0
(7,1): 0
(7,2): 0
(7,3): 0
(7,4): 0
(7,5): 0
(7,6): 0
(7,7): 0
(7,8): 0
(7,9): 0
(7,10): 0
(7,11): 0
(7,12): 0
(7,13): 0
(7,14): 0
(7,15): 0,2028985
.
(0,0): 0
(0,1): 0
(0,2): 0
(0,3): 0
(0,4): 0
(0,5): 0
(0,6): 0
(0,7): 0
(0,8): 0
(0,9): 0
(0,10): 0
(0,11): 0
(0,12): 0
(0,13): 0
(0,14): 0
(0,15): 0
(1,0): 0
(1,1): 0
(1,2): 0
(1,3): 0
(1,4): 0
(1,5): 0
(1,6): 0
(1,7): 0
(1,8): 0
(1,9): 0
(1,10): 0
(1,11): 0,125
(1,12): 0,25
(1,13): 0
(1,14): 0
(1,15): 0
(2,0): 0
(2,1): 0
(2,2): 0
(2,3): 0
(2,4): 0
(2,5): 0
(2,6): 0
(2,7): 0
(2,8): 0,125
(2,9): 0,1875
(2,10): 0,3125
(2,11): 0,5625
(2,12): 0,125
(2,13): 0
(2,14): 0
(2,15): 0
(3,0): 0
(3,1): 0
(3,2): 0
(3,3): 0
(3,4): 0
(3,5): 0
(3,6): 0
(3,7): 0,125
(3,8): 0,625
(3,9): 0,625
(3,10): 0,9375
(3,11): 0,25
(3,12): 0
(3,13): 0
(3,14): 0
(3,15): 0
(4,0): 0
(4,1): 0
(4,2): 0
(4,3): 0
(4,4): 0
(4,5): 0
(4,6): 0
(4,7): 0
(4,8): 0,3125
(4,9): 0,25
(4,10): 0,375
(4,11): 0,125
(4,12): 0,25
(4,13): 0
(4,14): 0
(4,15): 0
(5,0): 0
(5,1): 0
(5,2): 0
(5,3): 0
(5,4): 0
(5,5): 0
(5,6): 0
(5,7): 0
(5,8): 0,375
(5,9): 0,1875
(5,10): 0,3125
(5,11): 0,5625
(5,12): 0,1875
(5,13): 0
(5,14): 0
(5,15): 0
(6,0): 0
(6,1): 0
(6,2): 0
(6,3): 0
(6,4): 0
(6,5): 0
(6,6): 0,25
(6,7): 0,0625
(6,8): 0,0625
(6,9): 0,0625
(6,10): 0,1875
(6,11): 0,1875
(6,12): 0
(6,13): 0
(6,14): 0
(6,15): 0
(7,0): 0,25
(7,1): 0,125
(7,2): 0,125
(7,3): 0,8125
(7,4): 0,5
(7,5): 0,375
(7,6): 0,875
(7,7): 0,6875
(7,8): 0,5625
(7,9): 0,4375
(7,10): 1
(7,11): 0,4375
(7,12): 0,4375
(7,13): 0,0625
(7,14): 0
(7,15): 0
.
(0,0): 0,3076923
(0,1): 0,6153846
(0,2): 0,3846154
(0,3): 0,1538462
(0,4): 0
(0,5): 0
(0,6): 0
(0,7): 0
(0,8): 0
(0,9): 0
(0,10): 0
(0,11): 0
(0,12): 0
(0,13): 0
(0,14): 0
(0,15): 0
(1,0): 0,2307692
(1,1): 0,3076923
(1,2): 0,07692308
(1,3): 0,3076923
(1,4): 0,3076923
(1,5): 0,1538462
(1,6): 0
(1,7): 0
(1,8): 0,1538462
(1,9): 0
(1,10): 0
(1,11): 0
(1,12): 0
(1,13): 0
(1,14): 0
(1,15): 0
(2,0): 0
(2,1): 0,07692308
(2,2): 0
(2,3): 0
(2,4): 0,2307692
(2,5): 0,4615385
(2,6): 0,1538462
(2,7): 0,1538462
(2,8): 0,07692308
(2,9): 0,3846154
(2,10): 0,2307692
(2,11): 0
(2,12): 0
(2,13): 0
(2,14): 0
(2,15): 0
(3,0): 0
(3,1): 0
(3,2): 0,5384616
(3,3): 0,2307692
(3,4): 0,2307692
(3,5): 0,2307692
(3,6): 0,2307692
(3,7): 0,1538462
(3,8): 0,4615385
(3,9): 0
(3,10): 0,07692308
(3,11): 0,3076923
(3,12): 0
(3,13): 0
(3,14): 0
(3,15): 0
(4,0): 0
(4,1): 0
(4,2): 0,07692308
(4,3): 0
(4,4): 0
(4,5): 0
(4,6): 0,07692308
(4,7): 0,1538462
(4,8): 0
(4,9): 0
(4,10): 0
(4,11): 0
(4,12): 0
(4,13): 0
(4,14): 0
(4,15): 0
(5,0): 0
(5,1): 0
(5,2): 0
(5,3): 0,07692308
(5,4): 0
(5,5): 0,07692308
(5,6): 0,3076923
(5,7): 0,9230769
(5,8): 0
(5,9): 0
(5,10): 0
(5,11): 0
(5,12): 0
(5,13): 0
(5,14): 0
(5,15): 0
(6,0): 0
(6,1): 0
(6,2): 0
(6,3): 0,1538462
(6,4): 0,2307692
(6,5): 0,3846154
(6,6): 0,6153846
(6,7): 0,3076923
(6,8): 0,4615385
(6,9): 0,4615385
(6,10): 0,5384616
(6,11): 0
(6,12): 0
(6,13): 0
(6,14): 0
(6,15): 0
(7,0): 0
(7,1): 0
(7,2): 1
(7,3): 0,6153846
(7,4): 0,5384616
(7,5): 0,3076923
(7,6): 0,5384616
(7,7): 0,6153846
(7,8): 0,1538462
(7,9): 0,07692308
(7,10): 0,1538462
(7,11): 0,07692308
(7,12): 0,07692308
(7,13): 0
(7,14): 0
(7,15): 0
.
(0,0): 0
(0,1): 0
(0,2): 0
(0,3): 0
(0,4): 0
(0,5): 0
(0,6): 0
(0,7): 0
(0,8): 0
(0,9): 0
(0,10): 0,0625
(0,11): 0,0625
(0,12): 0
(0,13): 0
(0,14): 0
(0,15): 0
(1,0): 0
(1,1): 0
(1,2): 0
(1,3): 0
(1,4): 0
(1,5): 0
(1,6): 0
(1,7): 0,0625
(1,8): 0
(1,9): 0,125
(1,10): 0,0625
(1,11): 0,0625
(1,12): 0,1875
(1,13): 0
(1,14): 0
(1,15): 0
(2,0): 0
(2,1): 0
(2,2): 0
(2,3): 0,3125
(2,4): 0,375
(2,5): 0,125
(2,6): 0
(2,7): 0,1875
(2,8): 0,625
(2,9): 0,3125
(2,10): 0,1875
(2,11): 0,25
(2,12): 0,0625
(2,13): 0
(2,14): 0
(2,15): 0
(3,0): 0,0625
(3,1): 0
(3,2): 0
(3,3): 0,3125
(3,4): 0,4375
(3,5): 0,0625
(3,6): 0,1875
(3,7): 0,125
(3,8): 1
(3,9): 0,8125
(3,10): 0
(3,11): 0
(3,12): 0
(3,13): 0
(3,14): 0
(3,15): 0
(4,0): 0,5
(4,1): 0,4375
(4,2): 0,3125
(4,3): 0,1875
(4,4): 0
(4,5): 0,0625
(4,6): 0,0625
(4,7): 0,0625
(4,8): 0,625
(4,9): 0,375
(4,10): 0
(4,11): 0
(4,12): 0
(4,13): 0
(4,14): 0
(4,15): 0
(5,0): 0
(5,1): 0,4375
(5,2): 0,3125
(5,3): 0,5
(5,4): 0,75
(5,5): 0,25
(5,6): 0,1875
(5,7): 0,125
(5,8): 0,25
(5,9): 0,5
(5,10): 0
(5,11): 0
(5,12): 0
(5,13): 0
(5,14): 0
(5,15): 0
(6,0): 0,1875
(6,1): 0,125
(6,2): 0,1875
(6,3): 0,1875
(6,4): 0
(6,5): 0
(6,6): 0
(6,7): 0
(6,8): 0
(6,9): 0
(6,10): 0,125
(6,11): 0,125
(6,12): 0
(6,13): 0
(6,14): 0
(6,15): 0
(7,0): 0,5625
(7,1): 0
(7,2): 0
(7,3): 0
(7,4): 0
(7,5): 0
(7,6): 0
(7,7): 0
(7,8): 0
(7,9): 0
(7,10): 0
(7,11): 0
(7,12): 0
(7,13): 0
(7,14): 0
(7,15): 0
